1.3672,2.4618,0
2.3105,2.1408,1
1.9940,1.2946,1
1.2645,2.9050,0
0.9876,2.3164,0
2.2941,2.5044,1
1.2294,2.5827,0
2.9594,3.4531,1
1.5831,3.0474,0
3.1550,2.4736,1
0.3494,1.8990,0
0.9962,1.0604,2
0.1987,2.0846,0
0.3616,0.0679,2
3.0157,2.7015,1
1.8506,2.0206,1
1.7160,0.1026,2
3.3399,0.7883,1
1.1148,1.6156,0
0.0569,0.2798,2
0.5603,0.8928,2
2.3779,2.6534,1
2.7296,2.2446,1
1.3300,1.9479,0
0.2738,3.1249,0
3.4584,3.3101,1
1.5003,2.2029,0
2.5581,2.8489,1
1.5846,3.1853,0
2.0540,2.2836,1
1.2569,1.9459,0
2.8698,2.4661,1
1.0963,1.7227,0
2.3815,2.4293,1
0.5733,2.1705,0
2.6032,2.1103,1
2.4664,2.2546,1
1.2493,2.2133,0
1.5411,0.2915,2
0.6107,0.2676,2
3.1478,2.8733,1
3.4714,2.4941,1
2.4045,2.6414,1
0.0747,2.9316,0
0.4514,0.6943,2
2.6290,2.9434,1
3.2053,1.3087,1
2.6503,0.9589,1
1.1958,0.6732,2
3.1734,0.6942,1
1.5230,2.7034,0
3.0421,3.4932,1
0.9527,2.6904,0
3.3782,1.8733,1
0.9129,2.9298,0
0.6992,0.2689,2
2.1403,2.5035,1
0.0100,0.3570,2
1.2319,1.0082,2
2.7795,2.7233,1
2.2443,2.5205,1
2.2185,1.2848,1
0.2483,3.1829,0
2.7081,1.8249,1
0.6434,0.6280,2
0.3557,2.8309,0
3.2859,2.7737,1
0.7960,2.1587,0
1.1771,0.2367,2
1.3580,1.2626,2
1.3464,2.5865,0
2.8435,1.5558,1
2.4393,1.7529,1
1.8586,2.2447,1
3.4001,2.2893,1
0.5075,2.6893,0
1.9370,0.5207,2
3.0677,0.5879,1
3.3353,1.4796,1
0.9860,0.0293,2
0.8197,1.7103,0
0.0297,0.4385,2
3.3048,1.3956,1
2.3603,2.5022,1
0.4912,3.0062,0
3.4324,2.0456,1
1.8458,1.5710,1
0.6246,0.6716,2
1.2709,2.5804,0
1.6162,0.4818,2
2.9620,2.2716,1
3.1680,3.4056,1
2.9066,2.6006,1
0.6873,0.0704,2
1.2791,1.0747,2
2.6535,2.5648,1
2.1888,1.2376,1
2.2040,1.7588,1
2.6686,2.1789,1
0.4046,2.0667,0
1.5723,2.8102,0
2.5164,2.1659,1
0.0521,3.1746,0
1.0400,0.5168,2
0.1732,2.2419,0
2.3683,1.7746,1
3.4318,3.3956,1
1.2476,2.0736,0
3.3918,1.6559,1
3.1118,2.3719,1
3.0314,3.1784,1
0.8535,3.4505,0
2.5390,1.8863,1
0.2697,0.6893,2
1.8345,1.9981,1
0.8966,0.9263,2
1.9568,2.4023,1
1.0197,0.0316,2
0.0185,0.0598,2
0.2562,0.5263,2
1.7134,0.2643,2
3.4585,2.5010,1
3.0010,2.8739,1
1.0759,3.4809,0
1.1646,2.5538,0
3.0584,3.1917,1
2.2111,2.4349,1
0.4436,2.0639,0
1.4461,3.1063,0
0.2543,0.1251,2
2.9208,0.9808,1
3.4036,2.7976,1
2.7672,2.9901,1
3.4163,3.1425,1
0.8592,1.0499,2
2.5992,1.5696,1
1.1724,0.0113,2
1.6815,0.3697,2
3.2130,3.3940,1
1.9697,1.7232,1
0.5775,2.7231,0
0.0728,2.2334,0
1.1548,1.9387,0
2.1696,2.0775,1
1.0218,1.8871,0
1.2952,0.7985,2
0.3788,2.1441,0
3.1302,1.2631,1
0.5600,2.7935,0
0.6581,2.0041,0
2.0281,1.2372,1
3.1086,3.0125,1
1.8155,0.9772,2
1.0811,2.8792,0
1.3305,1.0961,2
0.4830,3.3794,0
0.4119,3.0235,0
1.8316,0.8572,2
3.1856,3.0754,1
0.6190,2.5300,0
1.0365,2.3344,0
2.0935,2.2324,1
2.2909,2.2652,1
2.3722,1.4891,1
0.8786,0.4795,2
1.7117,0.6502,2
3.1370,3.3324,1
1.5715,2.9952,0
0.2326,3.4212,0
2.6136,2.8539,1
0.2654,0.1927,2
0.8162,2.9913,0
3.0709,2.4893,1
1.1635,2.1406,0
1.3783,2.8697,0
1.1379,1.8209,0
2.6090,1.6623,1
1.1952,1.2508,2
3.4854,1.0268,1
1.4672,0.3869,2
1.5432,2.5013,0
2.2836,1.9973,1
0.8497,2.3491,0
1.0441,2.3246,0
0.1356,2.1418,0
2.9152,2.1680,1
0.5044,2.8504,0
0.9556,2.8864,0
2.8679,0.8331,1
1.9527,1.2095,1
3.4172,0.3969,1
0.0481,0.4608,2
0.4411,0.7645,2
0.1447,0.0586,2
2.7050,1.7425,1
3.4164,0.9564,1
1.9111,1.8616,1
2.6724,2.8541,1
3.4444,1.6181,1
2.0718,1.1165,1
3.4103,2.7630,1
1.6299,2.8087,0
0.3594,3.2602,0
0.1192,2.5262,0
2.1369,1.5958,1
0.4229,2.4228,0
0.0351,1.9874,0
2.0360,1.8979,1
2.3580,1.3870,1
1.8692,0.7766,2
0.8231,2.8263,0
3.1098,0.4526,1
1.4088,2.3830,0
2.8607,3.1591,1
1.0215,2.7182,0
1.5468,2.4179,0
1.3946,2.8551,0
1.8913,0.6188,2
3.4289,3.1088,1
1.0150,0.8486,2
1.4661,2.6159,0
0.3279,2.6622,0
1.9951,1.7415,1
3.3384,2.3545,1
2.9715,1.4766,1
0.8358,2.2163,0
0.7192,0.0632,2
1.5371,0.0854,2
0.0647,0.0300,2
3.2201,2.7758,1
1.0556,0.6512,2
2.2641,2.0480,1
0.0249,3.2027,0
0.4059,2.1479,0
2.8573,2.0910,1
1.3337,1.8676,0
1.4130,3.1199,0
2.5976,2.6872,1
0.6201,3.1018,0
0.0862,0.2909,2
2.2996,1.1087,1
0.9072,1.9729,0
0.4624,3.2280,0
0.5005,0.4009,2
2.7091,1.3366,1
1.9290,2.1105,1
2.0397,1.3325,1
3.0060,2.4352,1
0.1611,3.0222,0
3.1886,1.4435,1
0.9561,1.6178,0
3.4570,0.4438,1
1.6355,2.6471,0
0.6306,0.7984,2
0.5640,0.6304,2
0.4429,1.9722,0
0.9786,3.1176,0
2.6198,2.5348,1
0.8318,0.4417,2
1.5652,0.7488,2
1.3015,1.2032,2
0.6098,2.8658,0
1.5875,0.5777,2
1.0778,1.1901,2
2.9568,3.2582,1
3.1971,3.4824,1
3.1276,0.7168,1
3.1986,0.5364,1
3.0640,0.9803,1
0.4569,0.6659,2
1.8368,0.0970,2
0.8232,3.3704,0
0.7969,0.0616,2
1.0563,1.9070,0
1.5059,0.0743,2
3.2981,2.5290,1
2.4564,2.2839,1
2.4743,1.2507,1
2.2441,2.5581,1
0.1800,0.4056,2
2.9184,2.7293,1
0.4630,3.0635,0
0.2779,0.3006,2
2.9793,3.2250,1
1.7661,0.7942,2
2.4316,2.7718,1
2.6633,1.0000,1
2.8874,1.2185,1
3.1527,1.3834,1
3.2001,1.0668,1
3.3728,1.1309,1
2.7591,0.6737,1
3.4888,0.6780,1
0.4040,2.0253,0
3.1662,0.4878,1
3.1318,1.4658,1
3.0528,0.9103,1
2.7190,0.6765,1
0.1223,3.3999,0
2.3071,2.7770,1
1.2846,2.4672,0
3.1419,3.0807,1
2.6303,2.7708,1
1.2123,1.7913,0
2.8675,2.3988,1
0.4825,2.8778,0
1.0288,3.0290,0
3.3706,1.3994,1
2.2470,1.0251,1
0.3767,2.2643,0
1.3135,2.7061,0
2.5739,2.8811,1
1.1121,1.8022,0
1.6277,3.4428,0
2.4337,2.4076,1
3.2014,1.2384,1
2.5588,2.5197,1
2.5079,1.6843,1
0.1399,0.2789,2
1.1054,0.8729,2
2.1015,1.8621,1
3.3679,0.3808,1
2.8734,1.1145,1
3.2682,2.1643,1
2.5538,2.0497,1
0.3296,2.7608,0
1.5108,2.0319,0
2.9069,0.9710,1
3.4589,0.8507,1
3.0543,3.3137,1
1.8919,1.4534,1
3.0442,0.6777,1
2.0898,2.4814,1
2.6039,1.1007,1
2.7704,2.3927,1
3.2413,3.1143,1
2.3634,2.1697,1
2.1038,2.0351,1
2.8898,2.0530,1
1.1677,1.2320,2
0.8005,1.2474,2
2.4326,1.6592,1
3.1689,3.3327,1
1.6469,0.7165,2
0.1611,1.9936,0
1.8186,0.5407,2
1.2645,2.4437,0
3.1917,1.4881,1
2.4115,1.7301,1
2.4362,1.0641,1
1.8080,0.2180,2
1.5052,0.9671,2
0.1074,2.6903,0
2.4016,2.4950,1
3.4077,1.9875,1
3.2447,2.6931,1
2.8085,2.4134,1
3.3580,2.6936,1
0.9930,0.0613,2
0.7461,2.2265,0
1.1068,0.4476,2
3.2584,2.4011,1
0.0966,2.9845,0
1.9865,1.6090,1
1.7968,0.0579,2
2.8066,0.9903,1
2.6655,1.0129,1
0.8419,2.8883,0
3.1318,2.0140,1
2.6403,0.7243,1
0.8897,2.3481,0
3.0568,1.9586,1
3.2505,2.0422,1
0.0097,2.6352,0
0.7872,0.1081,2
1.8320,2.2345,1
0.8728,1.9968,0
3.1827,2.3072,1
1.4410,2.0886,0
2.5679,0.8333,1
2.3415,1.5393,1
3.4675,2.7156,1
2.9080,1.5585,1
1.3351,2.7388,0
2.4363,1.9975,1
1.8530,0.1214,2
1.1872,2.1193,0
2.4800,0.9692,1
0.0169,2.6164,0
1.1028,1.8507,0
2.3054,2.8037,1
0.0016,2.9595,0
1.2970,0.3143,2
1.0004,0.6795,2
2.4929,1.3914,1
1.5847,3.3412,0
2.9128,1.4387,1
1.2355,0.4243,2
3.3792,1.6954,1
2.9864,3.3071,1
1.4839,0.6605,2
1.5340,2.6380,0
0.2151,0.3456,2
0.6659,1.1155,2
0.9601,3.1905,0
3.4332,2.3515,1
1.4592,2.7125,0
2.8999,0.7980,1
0.5028,3.4655,0
2.2549,1.4595,1
0.8909,3.4213,0
0.1794,3.3474,0
1.1633,2.3481,0
2.6130,0.8055,1
0.4603,0.4052,2
2.2524,2.2283,1
3.4987,0.8181,1
2.1294,1.0361,1
2.8496,0.9371,1
0.6854,1.8285,0
1.9154,0.0594,2
2.8451,0.9033,1
1.1503,3.3940,0
2.4354,2.9117,1
3.3554,1.0079,1
1.9078,1.7201,1
1.7900,0.7950,2
1.0767,3.4763,0
0.3451,0.6359,2
1.2414,2.0091,0
1.0050,0.7438,2
3.4798,2.6068,1
2.9820,3.4793,1
3.2017,3.3003,1
0.4207,3.4238,0
1.8436,0.2081,2
2.0713,1.5589,1
3.2642,2.2005,1
1.9408,0.1187,2
2.0411,1.8433,1
1.1908,2.9393,0
2.0299,2.1579,1
1.0271,0.6122,2
2.2778,1.8028,1
0.4531,0.0073,2
2.5296,1.8422,1
1.6313,0.7286,2
0.5588,1.7272,0
0.5831,2.1993,0
1.9257,1.8353,1
1.4583,2.8926,0
1.8832,2.0062,1
2.4392,2.4143,1
3.0053,1.2119,1
1.9908,1.4826,1
1.0057,1.5955,0
1.8394,0.2496,2
1.2106,2.5937,0
1.5700,1.0648,2
0.9284,3.0775,0
1.4229,2.1001,0
1.4642,2.1654,0
3.1667,1.4411,1
0.5379,0.6622,2
2.3651,2.1829,1
2.1724,1.3899,1
3.2388,2.3804,1
2.3495,2.2023,1
0.8129,1.2399,2
0.4187,0.4158,2
2.3419,2.2020,1
2.8451,1.0048,1
1.3553,0.0732,2
2.4314,1.0769,1
2.7282,1.7297,1
1.1832,2.3472,0
3.4204,0.5561,1
3.1925,0.7153,1
2.5134,2.9773,1
1.3655,3.1748,0
2.6229,1.5828,1
0.2852,3.3292,0
3.2747,1.3205,1
0.0645,3.4815,0
1.6228,2.9872,0
0.9756,1.3389,2
3.3696,1.9901,1
0.1729,0.2973,2
2.6066,2.3853,1
3.1862,2.4062,1
0.2249,0.5501,2
0.7355,3.3540,0
3.1377,1.1231,1
0.5627,2.8780,0
2.4151,1.5215,1
0.6516,2.5336,0
2.6149,2.2221,1
2.9311,0.6640,1
0.8479,0.5578,2
0.9399,2.9833,0
3.4004,2.3889,1
3.2573,3.3601,1
1.0337,2.5228,0
0.3260,2.4356,0
0.3346,0.7113,2
2.6142,1.0384,1
3.0004,1.8317,1
1.8688,1.9382,1
0.7149,1.9952,0
0.1271,2.3103,0
1.5252,1.1798,2
0.7772,0.7874,2
0.7078,2.5677,0
0.6790,2.5493,0
0.8202,3.1856,0
2.8858,1.0797,1
2.7186,0.6779,1
1.0488,3.1958,0
2.3873,2.5669,1
3.3923,0.7984,1
0.9383,1.9976,0
0.9811,2.6501,0
0.8765,0.5630,2
0.4060,3.1767,0
3.1953,2.4978,1
2.6352,2.9655,1
0.4491,2.7498,0
2.8497,1.0527,1
0.3305,2.4235,0
2.2923,1.6097,1
1.8334,0.9340,2
1.3904,3.3125,0
1.2610,3.4907,0
0.1405,2.3708,0
1.1995,0.5825,2
1.5349,2.7694,0
3.1843,0.7480,1
0.3766,0.6540,2
0.2880,3.4533,0
0.6624,2.6564,0
2.6987,1.6445,1
3.0236,2.8679,1
1.0457,0.9861,2
0.8671,1.7401,0
0.2542,2.0464,0
2.6354,1.2325,1
2.1666,2.3219,1
3.0954,3.4572,1
0.1361,2.6282,0
3.3449,3.4434,1
0.6404,1.6824,0
0.3235,0.4787,2
2.4636,0.8334,1
1.5772,0.8345,2
2.0439,1.6777,1
0.6917,2.1912,0
1.7010,0.5331,2
0.9162,0.7812,2
2.0786,1.6154,1
0.1118,2.9434,0
3.1010,0.5689,1
2.4773,1.6297,1
1.9783,1.4103,1
1.6564,1.0504,2
2.9936,1.0435,1
2.2847,2.0683,1
0.9411,2.2284,0
2.2675,2.5685,1
2.0431,2.2232,1
1.9109,1.7023,1
1.5553,3.4047,0
1.8527,0.1754,2
1.1325,3.4891,0
0.6963,1.1172,2
2.2626,2.3648,1
1.8889,0.1723,2
1.7392,0.2222,2
3.1237,1.2029,1
3.1355,1.5590,1
1.3351,0.0850,2
3.3552,1.1471,1
0.2952,2.8195,0
3.3796,1.1969,1
1.2498,0.5041,2
0.8905,2.5056,0
2.5112,1.0828,1
2.9113,1.0565,1
0.7107,0.2110,2
1.4031,0.6317,2
0.2496,2.1233,0
1.9212,1.7146,1
2.3559,2.7517,1
2.4070,1.7823,1
3.3647,1.3755,1
3.3415,0.4166,1
1.6772,0.0807,2
2.7287,2.5478,1
2.8510,2.1486,1
0.0171,0.2124,2
0.0055,3.1477,0
3.4083,2.5499,1
2.2378,2.1881,1
2.8567,3.2229,1
1.4095,3.1671,0
3.0655,1.3966,1
2.4944,1.7249,1
2.7683,1.1362,1
1.5555,2.3604,0
0.2628,2.1766,0
0.6643,3.2735,0
1.1431,2.6061,0
1.6965,1.0990,2
3.1643,0.8872,1
0.6447,3.1022,0
0.8732,3.3546,0
0.1710,0.4258,2
1.6882,1.0891,2
2.1047,2.0980,1
2.5445,2.1535,1
1.3062,0.1394,2
0.3813,0.3428,2
3.2124,1.4847,1
0.4955,3.3180,0
1.1897,0.5672,2
2.5418,1.5441,1
1.1579,0.9388,2
1.1236,0.1507,2
0.8985,0.1846,2
2.9360,1.6442,1
2.9275,1.2642,1
1.3309,2.7116,0
2.8765,2.9912,1
1.1802,2.0844,0
2.4257,1.7258,1
2.6192,2.8238,1
0.0751,0.1398,2
2.7976,2.4257,1
1.5576,2.3493,0
0.6154,2.8908,0
1.7114,0.0713,2
0.3260,3.1605,0
2.4128,2.7643,1
1.0710,2.2740,0
3.4760,0.2818,1
2.9037,1.0683,1
1.4092,2.7639,0
3.4306,0.6278,1
3.1133,3.0515,1
1.4862,1.0615,2
2.4455,1.5641,1
2.6707,2.1888,1
1.6045,0.1025,2
2.5952,1.8274,1
3.1130,3.1666,1
2.7423,1.6848,1
1.8253,0.2571,2
0.3504,3.0529,0
1.8922,1.6470,1
2.8508,2.2890,1
3.3461,2.2790,1
0.7327,0.9731,2
0.7704,1.6964,0
1.0433,3.3697,0
3.0569,0.7688,1
3.2578,2.5605,1
0.1810,0.1856,2
3.2441,1.1553,1
1.9625,2.0431,1
3.3664,2.5729,1
3.3116,3.0616,1
0.9664,3.4312,0
3.3756,2.5223,1
1.4745,2.2924,0
2.9004,1.1101,1
1.2841,2.5384,0
1.0628,2.3489,0
2.9240,1.6597,1
0.8693,2.3586,0
0.3441,2.7741,0
3.3208,3.3033,1
1.4781,2.9152,0
1.8670,1.5167,1
0.9661,3.1411,0
0.8966,2.0690,0
2.2986,2.6450,1
2.2488,0.9089,1
2.3645,0.9604,1
0.3791,0.8086,2
0.4331,2.9402,0
0.4070,2.0521,0
0.7436,0.6309,2
1.4416,0.8361,2
3.0139,1.9931,1
1.5383,3.4260,0
2.6298,2.4388,1
0.7491,2.5120,0
1.8605,2.2980,1
1.9197,1.8762,1
3.1020,0.5705,1
3.2772,1.7948,1
1.4534,0.1752,2
2.0098,2.4976,1
0.0068,2.1069,0
1.5968,2.6520,0
2.4886,1.7096,1
2.6265,0.8900,1
2.0013,1.8827,1
3.3954,3.3512,1
2.5376,1.2498,1
1.9249,1.6117,1
1.0732,1.6935,0
2.8703,3.0583,1
1.7079,0.0976,2
0.8688,2.7017,0
2.0968,2.3949,1
1.3192,1.9871,0
0.5808,2.0478,0
2.4169,1.0013,1
2.8138,1.2559,1
1.9018,0.5742,2
1.6414,1.0342,2
0.6445,0.1858,2
0.8599,1.8216,0
2.4487,1.0677,1
2.0474,2.3798,1
0.5368,3.3512,0
3.4620,0.8175,1
0.4140,2.4370,0
2.8854,3.1468,1
3.1267,2.8851,1
1.6839,1.0287,2
1.0897,0.6117,2
0.6290,0.1850,2
3.0620,1.1829,1
1.4349,0.4748,2
2.9154,2.2374,1
3.4333,2.8241,1
2.0325,2.2138,1
2.6203,2.6827,1
0.8107,0.5054,2
2.1176,1.4929,1
2.7914,0.6363,1
1.0910,0.7475,2
3.3570,3.0034,1
3.2811,2.6999,1
3.2296,1.2035,1
3.4000,1.4068,1
2.0633,1.4462,1
2.5981,1.4576,1
2.5874,1.3819,1
2.9544,2.7722,1
2.4396,1.1811,1
3.4079,0.8049,1
2.8522,3.3496,1
3.3519,1.6647,1
2.2025,1.3516,1
1.4665,1.0691,2
0.5761,2.8277,0
0.4354,3.4498,0
1.0822,2.7799,0
3.3459,1.6373,1
2.6190,3.0212,1
0.7845,0.9364,2
1.9188,2.0400,1
1.3624,0.9711,2
1.3928,2.4700,0
0.5888,0.6738,2
1.7991,0.9565,2
0.0268,2.4979,0
1.4067,1.1726,2
3.2992,0.4644,1
2.0817,1.4683,1
0.2439,0.5656,2
1.8418,0.8640,2
2.6638,2.4051,1
1.0500,3.2951,0
2.6035,1.2753,1
0.0593,3.1087,0
3.2029,2.9866,1
2.6620,3.0407,1
2.7312,0.6454,1
3.3304,2.0626,1
1.2159,2.4534,0
2.0587,2.0978,1
1.4746,1.9835,0
0.8358,0.7346,2
1.2420,3.4476,0
3.3005,1.6258,1
0.5170,2.8412,0
1.4753,0.9674,2
0.8530,3.2051,0
2.1031,1.7735,1
1.6637,2.1699,0
1.3141,0.6477,2
0.5147,0.3781,2
3.4697,1.3429,1
0.4405,2.3681,0
1.9828,2.1081,1
0.0416,0.4600,2
0.4420,3.2441,0
2.0883,1.1558,1
1.4573,0.9894,2
2.5561,1.7172,1
1.5806,3.3529,0
3.4828,1.3651,1
0.5681,2.1880,0
2.1910,2.6784,1
0.7943,0.1353,2
0.0106,0.3278,2
1.9484,0.3349,2
2.5393,1.0891,1
1.0522,0.3457,2
1.4939,1.2050,2
1.8644,2.0554,1
1.3435,0.7097,2
0.3592,0.6579,2
1.7611,0.2819,2
2.1336,1.9019,1
2.8438,3.3091,1
1.8654,0.1421,2
1.4177,0.2640,2
3.1924,2.3912,1
1.7493,0.7623,2
0.9687,0.6619,2
2.7802,2.2301,1
1.2527,2.3576,0
2.2957,0.8895,1
3.3612,0.6145,1
0.6343,0.9253,2
0.4209,2.2352,0
1.4052,0.5372,2
1.4346,2.2633,0
3.4803,2.8436,1
2.3334,1.5491,1
0.9478,2.9717,0
0.8506,0.2127,2
1.4324,0.4751,2
0.1298,0.5554,2
2.0975,2.5255,1
3.3232,2.6997,1
0.5209,2.1546,0
0.6655,2.7336,0
1.9758,0.1554,2
1.5165,3.2993,0
1.3492,2.8450,0
0.5534,1.7706,0
1.9032,2.1150,1
1.2608,0.3093,2
0.8533,1.3483,2
3.1574,2.9607,1
1.0556,2.0119,0
2.8038,2.3622,1
0.9399,1.4094,2
0.1786,2.7275,0
1.3517,3.0030,0
0.6031,1.0508,2
0.5261,0.0172,2
0.9690,2.3120,0
1.6842,3.0525,0
1.0385,0.6590,2
3.4580,0.4383,1
1.3368,0.8549,2
3.4505,0.7755,1
2.8945,2.6071,1
3.0793,1.3091,1
2.8590,1.9636,1
3.3003,3.4428,1
0.5421,0.4371,2
2.1772,1.2583,1
3.0116,0.5011,1
0.0171,0.3708,2
1.2326,2.0569,0
1.9235,0.7207,2
0.3458,3.1568,0
1.0551,1.8796,0
2.3045,1.8364,1
1.0884,3.1800,0
2.5297,1.8902,1
2.0368,1.0346,1
0.6845,2.6940,0
2.6769,1.8086,1
3.2174,2.9864,1
2.2459,2.4216,1
1.4182,3.4622,0
0.2591,3.1891,0
1.9632,2.3123,1
2.8078,1.8264,1
0.1225,2.8541,0
1.4652,0.1583,2
0.6084,0.1384,2
1.4640,0.6271,2
1.4011,3.0518,0
1.9116,1.7359,1
0.6450,2.0208,0
1.4552,3.3515,0
3.0601,3.4229,1
0.5566,1.7895,0
3.3390,1.1350,1
0.5654,2.4257,0
2.1489,1.4332,1
1.4293,1.1605,2
2.1636,0.9919,1
3.2947,3.0689,1
0.0608,0.4818,2
1.9765,1.5539,1
0.8054,0.7890,2
0.1762,2.6023,0
0.3685,2.8475,0
0.3783,2.1266,0
3.0999,3.1722,1
0.3049,3.0323,0
1.2712,2.8367,0
3.2032,2.7227,1
2.4288,2.7658,1
3.0359,2.9311,1
3.3147,2.1311,1
2.7424,0.6469,1
0.5217,0.1425,2
0.9545,1.1218,2
2.6183,2.2490,1
0.1437,2.8507,0
2.8731,1.4387,1
2.5585,0.9974,1
0.2948,3.4551,0
0.3759,3.2631,0
2.3780,2.2444,1
0.8118,2.4241,0
2.8532,2.0558,1
0.3170,0.5219,2
1.5612,2.9554,0
1.3509,0.5757,2
0.5852,0.2531,2
1.2026,0.6749,2
1.9603,1.6872,1
1.6979,2.3685,0
0.7615,3.2010,0
3.0642,0.5467,1
2.5663,2.7785,1
0.8736,2.9744,0
0.9078,1.2824,2
3.2631,1.8032,1
3.2580,1.0718,1
0.9492,0.8630,2
0.8063,1.0259,2
2.1635,1.1560,1
3.0313,0.5076,1
2.9554,2.4346,1
1.8757,1.6262,1
3.4594,0.5388,1
1.2436,2.2069,0
0.0698,2.4387,0
2.7636,1.0232,1
1.1480,0.6495,2
0.1420,3.0434,0
3.4664,1.0717,1
1.4590,2.8581,0
2.1896,1.7072,1
1.2508,0.3331,2
1.4431,0.0247,2
1.1474,3.2179,0
2.1519,1.3897,1
3.3346,0.8202,1
0.8848,1.2955,2
0.2343,2.1614,0
0.4932,2.8003,0
1.0092,1.0556,2
2.8567,2.9492,1
0.9354,0.2419,2
0.8649,0.1511,2
1.3475,0.3596,2
2.6574,3.1137,1
0.3470,2.0988,0
2.0224,1.3226,1
2.6504,2.3828,1
2.1928,1.5994,1
0.8596,0.2962,2
0.1670,2.5497,0
2.4607,1.7912,1
1.9305,0.2454,2
1.3509,1.0635,2
0.9653,3.1842,0
0.5607,3.3391,0
0.2856,2.9265,0
1.6466,0.0711,2
1.1244,3.0470,0
1.2504,0.2293,2
2.1360,2.2185,1
1.1685,2.5321,0
1.1479,0.0770,2
2.3362,2.5111,1
3.1387,1.3669,1
1.6568,0.7769,2
3.3296,1.1803,1
1.2030,0.4079,2
1.5889,2.8878,0
2.2066,1.9411,1
3.0588,3.3523,1
3.1548,1.2860,1
3.3080,1.3436,1
3.4254,2.9639,1
2.1537,1.0472,1
0.8714,3.3216,0
1.4029,0.7607,2
0.4488,3.2719,0
1.4201,2.4448,0
1.7641,0.1793,2
0.7514,1.2232,2
2.6623,1.4517,1
1.6215,1.1873,2
2.1003,2.3000,1
1.6097,1.1914,2
1.1611,3.3392,0
0.5578,0.2303,2
2.4360,2.8924,1
0.1591,3.2745,0
1.9680,2.0795,1
0.7808,2.1946,0
3.0761,2.2817,1
1.2216,0.2620,2
2.7208,3.1161,1
0.0602,3.2510,0
2.2816,1.8911,1
2.2069,2.4190,1
2.1119,1.5885,1
2.7118,2.8393,1
0.0272,3.3870,0
1.0975,1.8645,0
1.3507,2.7867,0
3.4136,1.2536,1
2.0800,1.8862,1
3.0305,0.9327,1
0.5827,0.7682,2
1.9229,2.4074,1
2.9311,1.2856,1
1.3450,2.0073,0
0.4926,3.4985,0
2.0217,1.5418,1
0.7835,1.1680,2
0.7135,3.3229,0
0.9152,1.5467,0
0.9303,2.5609,0
1.3966,0.4600,2
1.9967,2.1462,1
2.7554,0.7077,1
3.0042,2.1052,1
2.1336,1.8089,1
3.4167,2.9849,1
1.5451,0.4999,2
3.4414,1.9039,1
2.7256,0.6660,1
0.5840,2.2755,0
0.4740,2.3107,0
2.5765,2.4187,1
1.1300,3.3622,0
2.6913,2.0793,1
0.8849,1.1796,2
3.2192,2.8001,1
0.8739,0.2467,2
0.7344,0.2565,2
3.0541,1.9005,1
0.8908,0.7475,2
2.6305,2.4994,1
1.0537,0.1604,2
0.6149,2.1278,0
2.8411,2.8877,1
1.2058,3.2051,0
1.3914,2.8386,0
3.3865,3.3847,1
0.4667,2.0247,0
0.9654,0.3213,2
2.7618,3.1255,1
3.1557,2.5563,1
2.8362,1.9278,1
2.7871,1.2063,1
3.4698,2.6549,1
0.2737,3.0704,0
3.3592,3.3847,1
2.2594,0.8812,1
3.0803,1.9285,1
0.7501,1.7372,0
0.0714,2.3302,0
1.2396,2.8089,0
0.0624,2.8566,0
0.5036,0.7740,2
2.9688,2.3177,1
0.7408,1.9957,0
2.6332,2.6152,1
0.9386,3.2681,0
0.9508,3.3652,0
0.6192,1.0289,2
0.6558,1.9120,0
0.3235,0.2107,2
1.6014,2.5361,0
1.8397,0.4637,2
3.1844,1.4042,1
0.6527,0.3055,2
1.6185,2.2096,0
3.0807,0.8465,1
3.4992,1.9533,1
3.0586,1.7866,1
0.5542,3.1597,0
2.8427,2.7843,1
2.3265,2.7902,1
3.0212,1.3373,1
1.0518,0.4923,2
0.9303,1.4283,2
2.1538,2.4138,1
1.6984,0.6150,2
2.2182,1.8617,1
0.6778,1.0776,2
2.9964,1.2458,1
2.5412,1.1336,1
3.3333,2.8360,1
1.0746,2.9355,0
1.3479,2.1526,0
2.4339,1.4848,1
1.7123,2.5607,0
0.0812,3.1625,0
1.9472,0.2031,2
2.4227,1.7147,1
1.9185,1.0946,1
0.2786,2.1630,0
0.8086,2.9144,0
0.3213,3.1379,0
0.8863,1.9211,0
1.2205,2.7492,0
3.4429,1.2191,1
2.3544,0.9292,1
1.5825,0.7796,2
1.2166,0.2020,2
1.5299,2.1478,0
3.0358,1.1768,1
1.0704,1.6027,0
0.3554,3.1879,0
0.4020,0.1879,2
2.2052,1.8206,1
0.8682,2.2661,0
0.9928,1.4678,2
2.7388,3.0785,1
2.3705,2.4657,1
3.3341,1.3732,1
0.9836,0.6173,2
0.8982,2.1573,0
1.0849,2.2662,0
1.6321,0.5678,2
3.1441,3.2436,1
1.0294,2.9664,0
0.3557,2.3768,0
1.1575,0.0986,2
0.6602,0.4676,2
0.8350,3.4706,0
0.3185,2.8020,0
1.5221,3.0530,0
2.1589,2.3503,1
0.4920,2.7661,0
0.8041,0.1256,2
0.4614,0.8499,2
1.6763,0.1294,2
0.0121,3.1918,0
1.8853,1.8744,1
0.9061,1.4048,2
1.6849,2.8090,0
0.3195,0.1792,2
2.1630,1.6873,1
0.8872,2.8019,0
1.4933,0.6164,2
1.4009,1.9937,0
0.5121,2.6444,0
2.9303,2.0228,1
0.1870,2.9417,0
3.3562,1.8157,1
1.2566,2.8373,0
2.9737,1.9330,1
3.3640,1.9269,1
2.7447,0.7500,1
3.4751,0.7845,1
0.6409,2.3515,0
0.6710,0.5861,2
1.1101,3.2186,0
3.2479,2.3353,1
2.6509,2.9205,1
1.0719,0.4554,2
0.4926,2.6184,0
3.2310,1.8871,1
3.4300,2.6306,1
1.0515,1.5985,0
3.0153,0.9604,1
1.6628,0.5854,2
1.2846,0.9825,2
1.9150,0.1517,2
0.5852,2.7661,0
2.4003,0.9749,1
1.2094,2.6599,0
1.6620,3.3661,0
1.3583,1.8658,0
2.3471,1.9089,1
3.2357,2.4371,1
3.3281,0.7111,1
0.3612,2.1806,0
1.3711,2.8380,0
1.3413,2.1888,0
2.8528,1.1391,1
3.2895,0.7375,1
3.3438,1.2757,1
2.4958,1.8022,1
0.2455,0.2959,2
0.1963,2.8236,0
0.5590,2.7747,0
3.4404,3.0383,1
2.7349,2.2540,1
3.4929,3.1830,1
3.3084,3.0666,1
0.2722,2.8133,0
1.3132,1.9688,0
0.8988,0.3709,2
0.0783,2.7575,0
3.3860,1.2592,1
0.1098,3.1600,0
1.9526,1.8519,1
2.7720,0.8255,1
2.0743,1.4523,1
0.5135,2.7223,0
0.2795,0.6131,2
0.1800,2.8790,0
3.1424,1.4626,1
1.1712,0.9111,2
0.9561,0.6916,2
0.7498,1.2121,2
2.8614,1.7903,1
0.0276,3.0061,0
0.1005,0.3074,2
1.0382,0.3556,2
1.3152,0.8150,2
3.2390,2.4265,1
2.8576,0.6299,1
0.1033,0.1063,2
1.3347,1.9480,0
1.5365,2.7309,0
1.0271,0.6080,2
3.3266,2.9253,1
0.5490,2.6874,0
2.2293,1.7475,1
1.5852,0.4703,2
0.7831,2.3155,0
2.8458,0.8012,1
0.5167,2.9065,0
2.6868,0.8517,1
1.0678,3.3729,0
2.5497,1.5795,1
0.2176,0.0163,2
1.9353,2.3829,1
1.4443,2.6983,0
0.5318,2.0521,0
2.2099,2.3505,1
0.5380,0.8602,2
0.6587,3.2810,0
1.1363,1.6835,0
0.2960,2.1142,0
1.6451,2.6344,0
0.6707,0.9831,2
2.6816,1.4060,1
1.8230,0.0512,2
2.2449,2.4450,1
2.8068,1.7906,1
2.5755,1.8225,1
0.6605,3.2827,0
1.5174,1.1741,2
1.1762,0.2103,2
3.3868,3.1104,1
0.6310,3.0306,0
2.4784,0.8431,1
1.4773,1.0970,2
2.2943,1.9178,1
0.8578,1.7272,0
2.6631,2.9682,1
2.7262,1.2546,1
0.9790,0.2272,2
0.6238,3.2563,0
1.0166,1.7813,0
2.2864,2.7651,1
0.9871,0.3001,2
3.2131,1.7118,1
3.4206,0.7681,1
2.1133,1.2482,1
0.0556,2.5234,0
2.3284,1.7400,1
1.4436,3.4118,0
2.8383,2.5793,1
2.4177,2.8651,1
3.4012,0.4968,1
0.3466,2.7937,0
3.4451,2.9091,1
0.5480,0.1372,2
2.6903,1.5360,1
0.0107,2.6555,0
3.3060,1.1320,1
2.6454,1.2504,1
2.1358,1.9879,1
1.4159,2.7642,0
3.3519,0.6846,1
3.0015,0.8103,1
1.8485,2.0226,1
2.5961,0.7669,1
0.5931,1.8926,0
3.4282,1.9292,1
1.2169,0.2474,2
1.2756,2.4986,0
0.3095,0.2657,2
1.0012,0.3819,2
3.0814,2.2322,1
1.9656,1.0710,1
0.7727,0.8137,2
2.4395,1.7320,1
3.4944,1.1647,1
1.3721,0.4260,2
2.0578,2.3153,1
2.5549,1.4275,1
0.4077,0.3446,2
1.3533,1.0660,2
2.5261,1.4728,1
2.4318,2.8483,1
0.8121,1.0449,2
0.5943,0.6186,2
3.4535,2.9054,1
1.1381,1.8171,0
0.6218,3.3901,0
1.5268,0.7383,2
1.4819,0.1423,2
1.4259,0.0230,2
3.1923,0.9122,1
3.3189,1.2955,1
1.2301,0.8528,2
1.8539,0.9873,2
0.1528,3.1406,0
3.0859,1.3974,1
2.1781,1.0258,1
3.4513,3.0048,1
0.6543,0.2437,2
2.7020,1.6880,1
0.4791,0.5154,2
1.3841,1.1978,2
2.9831,2.5099,1
2.6441,1.0251,1
0.2586,0.4095,2
0.6482,1.8998,0
1.1663,0.0004,2
3.0757,2.3393,1
1.2070,3.0700,0
0.4694,3.0277,0
0.2250,3.2582,0
3.2738,1.3653,1
0.4983,2.8816,0
0.8922,1.0181,2
0.6504,0.8685,2
1.3358,3.3576,0
0.7686,0.4503,2
3.0264,1.1597,1
1.3598,0.4678,2
2.5342,1.4592,1
0.5180,2.8340,0
1.4574,0.7557,2
2.5206,1.4330,1
1.0584,0.6409,2
3.2542,2.4294,1
2.1311,1.2245,1
0.8014,1.2687,2
3.4481,3.0141,1
2.7137,1.9062,1
3.0607,1.5044,1
1.0610,1.2378,2
2.9458,2.2828,1
2.0646,2.1118,1
0.3142,2.9561,0
1.5395,3.3842,0
1.5075,2.6965,0
0.6539,0.0692,2
2.9531,1.8009,1
0.6633,2.7095,0
2.2037,2.3806,1
1.4187,2.1608,0
0.1977,3.3025,0
2.2700,2.0049,1
3.3622,2.4787,1
0.5928,3.1538,0
1.8855,0.3098,2
2.9299,3.0359,1
3.0557,1.0461,1
3.1567,2.5172,1
1.1785,1.9216,0
2.8617,2.9037,1
0.2363,3.2689,0
0.5224,0.2756,2
1.8828,1.6488,1
1.1568,0.4553,2
2.9676,2.7947,1
2.3408,1.5002,1
1.0360,1.9760,0
1.9111,0.1699,2
0.4901,2.6655,0
0.6661,1.1256,2
1.1457,3.2500,0
0.6758,2.1735,0
3.1157,3.4345,1
1.4868,3.3588,0
3.4936,2.2245,1
0.5687,2.4605,0
2.9669,0.7133,1
1.0059,3.0349,0
0.6942,2.7504,0
1.3695,3.1541,0
1.3036,2.5666,0
0.0989,0.1008,2
2.0876,2.2178,1
0.5008,3.4072,0
3.3075,3.4786,1
3.4733,2.6197,1
1.2548,2.6127,0
3.2064,1.6283,1
2.1205,1.8488,1
3.2135,0.4182,1
3.0335,3.4137,1
3.1253,3.2629,1
1.2953,2.4110,0
3.3204,2.7571,1
1.3373,0.4978,2
1.1553,1.9901,0
2.1917,2.0255,1
0.4201,0.0320,2
0.1731,0.6565,2
3.2642,2.8256,1
1.8242,2.0613,1
0.9505,2.8290,0
3.3470,1.6882,1
0.4776,0.4768,2
1.8751,0.4922,2
1.9088,0.5299,2
1.4204,2.2183,0
1.2298,2.6161,0
3.2968,2.6794,1
0.6575,3.2097,0
0.5773,0.8228,2
1.2406,2.3231,0
1.3588,1.9521,0
1.1714,2.6257,0
3.4316,0.6210,1
2.9106,1.3096,1
1.8846,0.3134,2
1.8870,1.8279,1
3.3653,1.9040,1
0.8489,1.9083,0
0.6190,3.2753,0
2.0352,1.9732,1
0.9809,1.8991,0
2.7306,2.1767,1
0.2366,2.5005,0
0.2914,2.2688,0
2.6377,2.7477,1
1.5925,2.8407,0
0.2206,3.4646,0
2.9253,1.3433,1
1.8185,1.0535,2
0.6139,0.5825,2
2.5602,2.7442,1
0.9793,0.0446,2
0.6382,2.3573,0
0.8024,0.2053,2
0.6174,2.6257,0
1.4936,0.9592,2
1.5624,3.2776,0
0.9976,2.3639,0
3.2597,3.3543,1
0.0514,3.4954,0
0.8988,3.0385,0
0.4881,3.0200,0
2.5905,0.9383,1
0.8616,0.0629,2
0.7645,1.7888,0
0.1289,2.5021,0
3.4575,3.2870,1
0.8190,2.2228,0
1.5948,0.8032,2
2.9607,0.9895,1
2.6981,2.2258,1
2.6364,1.8396,1
1.0797,0.8808,2
1.8225,2.2865,1
3.3385,3.1999,1
0.4659,2.3883,0
0.8621,1.2005,2
0.7697,2.2741,0
1.5829,0.1941,2
1.2907,0.1073,2
2.7593,2.2617,1
0.1386,3.4162,0
0.8013,3.2132,0
0.2298,2.0808,0
0.0511,2.3347,0
2.9127,2.0645,1
0.4611,2.5403,0
1.9646,2.2091,1
2.9876,0.7610,1
0.8903,1.9540,0
3.3077,0.4711,1
0.0685,0.0801,2
2.2363,1.4993,1
0.4609,2.4365,0
1.5978,3.0924,0
3.0302,2.9204,1
2.8975,0.5908,1
1.9522,1.2984,1
0.3941,2.2280,0
3.3733,1.2789,1
1.1574,0.3375,2
0.3004,2.7176,0
0.8662,0.9458,2
3.2763,1.6668,1
2.7841,0.9061,1
1.4667,3.0004,0
1.2115,2.0349,0
1.6559,2.4713,0
3.2772,1.3091,1
2.5736,1.3964,1
2.7177,2.9910,1
1.0745,1.2612,2
2.7846,1.3521,1
1.3541,0.8018,2
0.5625,2.8936,0
1.1921,2.1791,0
2.9974,3.2315,1
0.2661,2.0368,0
2.2380,2.3039,1
2.1629,1.9869,1
0.5535,0.1292,2
3.4178,2.3814,1
2.7012,1.4496,1
0.0641,0.5115,2
2.9382,3.3426,1
1.4427,1.9717,0
1.6893,2.6130,0
2.3862,1.4216,1
3.4340,2.7652,1
2.8634,2.1261,1
0.7254,0.5111,2
0.4590,2.3471,0
3.0298,0.6854,1
0.0923,1.9604,0
1.9110,1.0785,1
0.1458,3.4065,0
1.8207,1.9712,1
0.2083,2.3038,0
2.5208,1.6706,1
0.6604,2.4524,0
3.2887,3.3068,1
3.1906,2.1251,1
3.0770,1.8437,1
0.0487,2.9259,0
3.2631,0.4805,1
2.2341,0.9753,1
2.8906,1.9876,1
1.8091,2.1154,1
0.7084,3.4885,0
3.2693,0.6053,1
1.0155,0.8527,2
0.2264,3.1843,0
0.1644,0.1012,2
0.6013,0.9671,2
1.4881,3.4738,0
0.9998,2.7475,0
0.9784,0.6991,2
0.4439,3.2466,0
1.4588,0.6466,2
1.0782,0.5322,2
2.2621,1.7141,1
3.4020,1.0815,1
0.9534,1.0039,2
0.3489,3.0075,0
1.5888,2.9650,0
1.2047,3.1487,0
3.0281,1.6541,1
0.3761,2.4066,0
3.2741,1.3617,1
2.4245,1.6235,1
1.4768,2.6391,0
3.1788,3.2519,1
2.5619,2.3835,1
0.2312,0.5114,2
3.2293,1.6407,1
1.2520,2.9382,0
2.8003,1.3721,1
3.4589,1.4443,1
1.1371,2.4549,0
1.6050,0.5949,2
1.9883,1.5125,1
0.2250,2.5088,0
0.4351,0.1159,2
1.3446,2.8248,0
3.4838,0.5096,1
1.3947,1.1759,2
0.1610,0.0805,2
1.0465,0.4710,2
0.5133,0.2598,2
3.1120,3.2490,1
0.7974,3.3508,0
0.8461,2.3053,0
0.7817,2.8098,0
2.2413,2.0386,1
1.3834,2.1166,0
3.2164,3.3438,1
2.9778,1.4874,1
2.5743,1.5488,1
0.5366,2.2696,0
3.4662,3.3888,1
0.6003,1.8370,0
1.4842,3.4769,0
2.7749,3.1487,1
3.0451,1.1045,1
1.4075,3.4813,0
3.1673,3.3311,1
2.6947,1.2391,1
1.0586,0.3086,2
3.2068,1.9948,1
2.7701,2.0728,1
1.0277,2.9079,0
1.9642,2.4456,1
1.0276,3.3788,0
3.1806,0.6922,1
0.6068,3.1480,0
1.1441,1.1018,2
3.2870,2.0024,1
0.8305,2.7156,0
2.2742,2.5649,1
2.4367,2.1993,1
0.0413,2.9367,0
1.1543,2.4278,0
1.9167,1.2736,1
3.4481,2.1271,1
1.3996,0.4927,2
2.4166,2.2831,1
1.4717,3.4071,0
1.0369,3.4691,0
2.7371,1.8596,1
2.8185,2.0630,1
2.7698,2.3124,1
1.9056,1.7037,1
2.1568,1.8513,1
0.1094,0.2293,2
3.1878,2.9442,1
3.2377,1.0456,1
1.0655,0.9709,2
3.4917,3.0438,1
0.1046,2.8881,0
2.5258,2.2303,1
0.3881,3.4573,0
0.9418,0.9741,2
0.0552,0.0816,2
2.5694,2.1910,1
0.7098,1.8563,0
3.0479,2.9227,1
2.5656,0.7800,1
0.4360,1.7915,0
0.1301,3.3624,0
1.2205,3.3789,0
0.0531,3.0731,0
0.2238,3.1863,0
1.1209,0.8423,2
3.2794,0.5348,1
1.2207,0.8314,2
2.0832,2.3449,1
0.7748,1.2626,2
1.5165,0.0956,2
1.5798,0.5017,2
3.4513,3.1024,1
0.6353,1.0541,2
2.2304,2.2587,1
3.3183,0.9330,1
0.5857,0.7671,2
0.4083,2.5703,0
1.2942,2.4089,0
1.1267,3.4192,0
2.4376,2.6435,1
0.2501,2.9732,0
2.5061,2.3112,1
1.4656,2.8118,0
3.1743,0.7406,1
1.5130,3.3493,0
2.3480,0.9635,1
3.1656,2.4596,1
3.3287,3.2969,1
2.8028,1.7313,1
1.0856,0.2198,2
0.3255,3.4099,0
2.7134,2.6120,1
2.4252,2.2875,1
3.2036,1.3358,1
1.9127,1.8127,1
2.7775,2.0097,1
3.1368,1.7788,1
0.1201,0.3186,2
1.3961,2.9425,0
1.8486,1.6965,1
2.7887,3.2629,1
1.0842,1.7816,0
0.9291,2.2393,0
3.1499,3.0932,1
0.6841,2.0320,0
1.5772,0.3160,2
3.3897,2.5589,1
0.7384,2.9942,0
0.8088,1.1526,2
0.3324,2.1884,0
2.2114,1.7800,1
0.4324,2.7352,0
1.2328,1.3811,2
2.0904,1.0127,1
3.4431,2.0102,1
1.5452,3.1478,0
1.4504,0.7578,2
2.7051,1.7738,1
0.9008,0.7790,2
1.8497,1.8963,1
0.6958,1.8160,0
1.9200,0.6538,2
2.5399,1.3912,1
3.3564,2.1308,1
0.4979,3.2825,0
0.7461,0.2405,2
2.8049,0.8301,1
0.1837,2.5808,0
0.5771,0.0437,2
1.1300,0.7922,2
2.3159,2.3028,1
1.0117,2.3980,0
1.2513,2.9553,0
0.3239,2.8036,0
1.2935,0.5853,2
2.3515,1.0074,1
0.0898,0.5572,2
0.3057,2.7728,0
2.6692,2.1991,1
3.4362,1.3686,1
0.0963,2.4196,0
1.8137,0.2589,2
1.5273,2.7633,0
0.2894,0.6779,2
3.4549,2.3242,1
1.1785,2.9701,0
3.3691,1.7457,1
0.8455,3.3478,0
1.2788,3.0574,0
0.8707,0.1515,2
2.0739,1.6671,1
3.3505,2.4057,1
1.5532,2.6826,0
0.3851,0.3047,2
0.5221,3.2947,0
1.6777,2.8551,0
3.0038,1.9365,1
2.4272,1.0901,1
2.0111,1.6466,1
1.0653,1.3903,2
1.6860,2.5717,0
2.7717,0.6665,1
0.8037,2.9185,0
0.8181,2.4443,0
1.2751,0.7090,2
1.4739,1.0284,2
1.4907,2.1247,0
1.8713,1.5347,1
0.8504,0.3610,2
1.1377,2.5582,0
0.2484,2.4758,0
1.2437,1.3278,2
0.0275,2.8121,0
3.3021,1.4162,1
3.1420,3.2622,1
0.7514,3.0464,0
2.4480,0.9736,1
0.0056,0.0883,2
1.0912,2.6839,0
0.6142,1.0723,2
3.2217,2.0717,1
2.8362,0.7270,1
2.6420,1.5865,1
3.0507,2.7524,1
2.9773,2.5209,1
2.1922,2.5508,1
3.1739,2.4385,1
2.0835,1.7279,1
1.9131,1.8396,1
1.9538,1.2952,1
2.4073,0.9353,1
2.5226,1.3930,1
1.1713,1.7341,0
0.3590,0.5547,2
0.3720,0.2212,2
0.7648,3.1503,0
2.0775,1.3184,1
1.2051,2.6237,0
1.5722,2.2935,0
0.4252,2.7929,0
3.3148,3.3224,1
0.7307,2.3872,0
1.5622,0.2848,2
3.2393,1.9219,1
2.8057,2.5942,1
0.2644,3.0834,0
0.3207,1.8534,0
2.6631,2.1383,1
1.0285,0.2276,2
3.4224,3.2911,1
1.6595,2.6488,0
2.3255,2.2657,1
2.7716,3.2572,1
0.9597,3.1724,0
2.5724,1.2866,1
1.5219,0.3116,2
2.2139,0.9428,1
0.2455,2.6624,0
0.2807,0.7698,2
0.4849,0.8748,2
0.2321,2.8869,0
0.1915,3.3775,0
0.7266,2.6813,0
1.5442,1.1953,2
2.6500,3.0256,1
0.0948,0.2572,2
1.3420,2.3004,0
3.1630,0.4325,1
0.4874,2.8626,0
2.7580,3.0854,1
0.1038,0.4127,2
3.1702,2.2878,1
2.8017,1.6389,1
0.0036,2.3443,0
3.4117,2.1212,1
1.2117,0.2449,2
0.8012,0.1423,2
1.7377,0.2919,2
3.1654,3.1500,1
0.0325,2.8032,0
1.2241,0.4376,2
3.0476,2.8198,1
3.0457,2.2210,1
2.2364,1.9200,1
0.3760,0.8353,2
2.5120,0.9805,1
0.6446,2.9464,0
0.5973,2.4795,0
0.9247,1.2377,2
3.2409,3.3091,1
3.4287,0.9049,1
1.4664,0.1868,2
3.1491,2.1896,1
3.1964,3.3450,1
1.0493,1.3198,2
1.7669,1.0976,2
3.2168,1.5679,1
3.4731,1.7861,1
1.5370,0.8331,2
0.6680,3.3862,0
0.9223,1.0390,2
1.3340,1.0223,2
1.4135,0.7819,2
2.4058,2.0972,1
1.8248,1.0586,2
2.4483,2.2834,1
1.0251,0.0074,2
2.8951,1.7849,1
0.1266,2.1854,0
0.2159,3.0406,0
2.5875,1.0109,1
2.6156,0.8800,1
0.9757,1.7890,0
0.9063,0.8991,2
0.4709,0.1589,2
1.8052,0.3036,2
0.0807,2.7229,0
0.4196,3.3418,0
3.4891,0.7829,1
3.3887,1.2017,1
0.2402,2.2668,0
1.3001,0.3900,2
0.4340,2.0503,0
3.0922,0.5857,1
1.9780,2.1309,1
0.8361,0.1989,2
2.5232,1.3820,1
1.8878,1.0128,2
1.0085,3.0831,0
3.2190,1.2650,1
3.4435,1.6172,1
1.4303,3.0541,0
2.3834,0.8142,1
2.0931,1.0757,1
2.4717,0.9350,1
1.6099,1.1309,2
1.2029,0.9095,2
2.7830,2.3995,1
3.0957,1.8942,1
1.3121,0.5241,2
1.4369,2.1453,0
2.7852,2.0856,1
0.8360,1.9926,0
3.1571,1.7159,1
3.3302,2.7128,1
3.3586,0.9132,1
2.3746,1.8200,1
1.8833,0.1891,2
1.8757,1.3669,1
0.6809,2.9523,0
3.0222,2.8337,1
3.1376,2.0749,1
0.9181,1.0713,2
1.5484,3.0266,0
0.8822,3.2492,0
0.6979,0.0239,2
3.1502,3.0723,1
3.2801,2.2050,1
2.4314,2.1445,1
2.0391,2.3985,1
2.8869,0.5866,1
3.4686,2.3229,1
0.3409,0.4674,2
0.3601,0.1880,2
3.0526,2.7142,1
0.2826,3.3813,0
1.2454,0.5204,2
3.4096,0.8643,1
3.3398,2.8574,1
1.4462,2.5083,0
0.4639,3.1508,0
1.4980,0.1308,2
0.0319,2.4791,0
0.7502,2.3065,0
0.6034,0.3034,2
2.0977,2.1873,1
2.8131,2.8668,1
3.1943,0.7576,1
2.5453,1.7827,1
1.5905,2.2050,0
1.8780,1.5667,1
2.8592,2.7317,1
0.7604,3.3935,0
3.4086,3.2893,1
3.4605,2.5024,1
0.6678,2.5517,0
0.6002,2.1523,0
0.2136,0.5939,2
1.9153,2.1174,1
0.6379,1.7779,0
2.9074,1.1210,1
1.3125,2.6070,0
3.3310,1.5220,1
1.1521,3.3067,0
0.2372,2.4366,0
0.7250,0.8746,2
3.2794,0.5252,1
0.9950,1.6471,0
2.7159,2.8785,1
1.3686,2.7163,0
3.1349,2.4374,1
1.4999,3.0641,0
3.1406,1.5058,1
1.5196,1.0054,2
2.8050,1.0175,1
2.8520,0.6493,1
0.8387,0.7594,2
3.2309,1.3072,1
3.4484,1.6177,1
2.9888,2.5710,1
0.9612,0.5480,2
3.1292,0.7182,1
2.0111,1.9062,1
2.9133,2.7983,1
3.1075,2.8331,1
2.7803,2.9979,1
1.2625,2.4464,0
1.3364,3.1134,0
1.4461,2.9824,0
3.0443,2.4325,1
3.4612,2.1372,1
2.3326,2.5081,1
2.7277,2.1828,1
3.1347,2.6008,1
1.9469,2.0849,1
0.1250,2.4793,0
1.9813,1.2830,1
1.6484,3.2063,0
0.6382,1.7175,0
2.5113,2.8064,1
1.4360,2.4370,0
0.9097,0.9660,2
1.8255,0.7379,2
1.8843,0.2604,2
2.8670,2.0689,1
3.4342,1.7165,1
1.0572,2.2011,0
1.6924,0.6215,2
2.5272,1.1295,1
1.8890,0.6191,2
0.4644,2.2297,0
1.4639,2.3627,0
1.5658,3.4704,0
1.3323,2.1492,0
1.3955,0.1755,2
0.1717,0.4677,2
3.4768,1.7120,1
1.2394,0.2352,2
0.8071,0.2123,2
2.0276,2.3090,1
2.7202,2.3564,1
1.0106,2.5257,0
3.4930,2.6961,1
3.4529,2.7520,1
3.2934,2.0824,1
1.1371,0.4607,2
2.9811,1.9252,1
2.1572,2.1821,1
3.3783,1.7549,1
0.7321,1.6563,0
3.4304,0.4868,1
0.4582,2.5478,0
1.8893,1.7922,1
1.2821,2.2566,0
2.3263,1.2130,1
0.0383,0.0791,2
2.4825,1.4788,1
1.7857,0.1413,2
2.0092,1.6920,1
3.0644,2.3308,1
0.8747,1.8344,0
2.6782,1.5096,1
3.2323,2.3588,1
2.9743,2.1663,1
1.0864,0.0225,2
3.4824,2.0036,1
2.7523,0.8389,1
0.9647,1.7662,0
2.3918,1.5253,1
3.0981,2.6061,1
1.1423,0.3344,2
0.7049,0.0590,2
2.6676,3.0474,1
3.4833,0.4007,1
2.8411,1.4690,1
2.3363,2.3103,1
3.0169,0.5008,1
2.9916,3.0635,1
0.1049,0.2650,2
2.6612,1.6252,1
1.0769,1.9007,0
2.4678,1.0769,1
0.1224,2.9014,0
1.2290,2.5678,0
0.7256,3.3528,0
3.1566,2.2335,1
3.2155,2.8403,1
0.6456,3.4803,0
1.2223,3.2152,0
0.8011,0.5575,2
1.0494,0.1383,2
0.3568,1.8826,0
2.9232,1.9974,1
0.9803,2.4217,0
1.5045,0.8884,2
1.9077,0.8366,2
2.0139,1.8715,1
3.4831,0.7073,1
1.1209,2.8179,0
1.1036,2.7236,0
2.1836,1.4669,1
1.9978,1.5120,1
2.2494,0.8994,1
0.2373,1.9202,0
2.9981,1.8810,1
2.3581,1.5571,1
0.0004,3.1843,0
1.6518,0.6375,2
1.8653,1.4209,1
0.4545,0.7960,2
0.9655,2.8092,0
2.1378,1.0953,1
2.5162,2.4663,1
2.6753,3.0955,1
2.7877,1.5044,1
3.0922,3.2265,1
2.9190,1.1810,1
1.4385,0.2416,2
3.0608,3.4863,1
1.2945,2.0372,0
0.0613,2.9112,0
1.3267,2.2793,0
1.4125,2.2315,0
2.5277,2.7337,1
2.7970,2.4458,1
0.7818,3.4790,0
3.0058,0.9725,1
1.2595,0.2531,2
0.9661,1.0604,2
0.7072,0.5017,2
0.5531,2.9192,0
2.4277,2.2012,1
2.3060,0.9580,1
0.2492,3.2195,0
3.3048,3.3568,1
1.1939,0.2541,2
0.3053,0.3479,2
2.0681,1.6156,1
1.4112,2.9311,0
3.4541,1.3562,1
2.0400,2.4304,1
0.8569,0.9037,2
3.1885,1.4975,1
1.0746,2.4997,0
2.5616,0.8332,1
1.8567,0.9196,2
3.1001,1.5896,1
0.6343,2.7219,0
2.1309,1.8524,1
1.7404,2.3082,0
0.5061,1.9738,0
2.6926,2.3609,1
0.6132,3.1205,0
0.6865,2.3715,0
1.1471,2.0337,0
1.4510,3.0734,0
3.3464,2.6687,1
0.3192,3.2130,0
2.8389,1.0399,1
2.5457,2.7709,1
1.9149,2.1072,1
1.5318,2.3096,0
1.6540,3.0160,0
2.5642,2.5436,1
1.7802,0.8365,2
3.1087,0.8288,1
0.1538,0.2511,2
0.9360,3.1484,0
2.5526,1.6847,1
2.6874,0.7727,1
1.7881,0.3632,2
3.2789,2.5962,1
1.5361,2.2545,0
1.3353,1.2800,2
0.7976,3.3699,0
0.8434,1.2037,2
0.6027,2.8775,0
1.5526,2.6919,0
0.8562,3.1088,0
0.9222,2.6442,0
3.1858,2.3892,1
3.4714,0.6564,1
1.2573,1.0484,2
2.4485,2.7182,1
1.4779,2.8299,0
0.7166,0.3796,2
0.0749,2.1741,0
1.6844,0.4153,2
1.2086,0.1457,2
1.1312,0.0040,2
1.5459,3.4876,0
1.6802,0.9200,2
3.2439,2.5513,1
1.0732,1.9477,0
3.2961,3.4909,1
3.4564,2.8476,1
2.3814,2.3395,1
2.8725,0.6961,1
1.0761,0.3571,2
1.1269,1.3332,2
3.1937,0.8474,1
1.3256,0.8744,2
2.3897,1.5433,1
1.5335,1.0783,2
0.4183,0.3736,2
2.6716,0.7010,1
2.4566,1.2776,1
1.0651,3.3994,0
0.2474,2.2587,0
0.0263,0.2455,2
0.8405,2.0025,0
0.9708,1.0704,2
2.5612,1.4868,1
0.1804,2.6333,0
0.9708,0.6409,2
0.8548,2.9660,0
2.8191,1.1427,1
1.0164,2.2519,0
1.5497,0.6314,2
2.6198,2.9230,1
2.3598,2.4224,1
0.8400,0.9269,2
2.8721,2.3260,1
3.3593,1.5163,1
2.0054,1.5721,1
0.0915,2.6094,0
1.1798,3.3990,0
1.4604,2.5018,0
1.9944,1.3114,1
0.2245,3.4065,0
1.1658,0.3040,2
0.8665,1.8465,0
1.7340,1.0297,2
2.3158,1.3424,1
3.2982,1.7835,1
1.4040,2.2076,0
0.1709,0.5387,2
3.3237,0.4364,1
2.0446,1.3282,1
0.6238,0.8528,2
1.9708,1.3995,1
1.9879,1.3539,1
0.3034,3.0532,0
3.4172,0.7826,1
2.6115,2.4511,1
2.9218,3.2382,1
1.8525,0.8928,2
0.6452,0.5570,2
2.1908,2.4069,1
1.0535,0.6078,2
0.6385,0.0432,2
2.4820,1.7166,1
1.6688,2.7932,0
2.8393,2.0024,1
1.2340,2.9487,0
3.2998,3.4927,1
0.0834,2.6332,0
0.8909,3.0652,0
3.0302,2.8225,1
2.3818,2.6142,1
2.3585,1.2090,1
2.7669,2.4324,1
2.4319,2.7273,1
3.3961,0.7390,1
1.9030,1.6902,1
2.1275,2.4152,1
3.3961,2.2924,1
0.9751,0.6617,2
0.3529,1.9428,0
1.6994,2.9211,0
2.9507,1.0471,1
2.6427,2.0859,1
3.3175,0.9916,1
2.6198,2.8718,1
2.1462,1.9094,1
2.9042,2.0039,1
3.3775,0.6940,1
1.0601,0.6014,2
1.1492,2.4983,0
2.2068,1.6001,1
0.1796,0.4814,2
2.6229,2.1418,1
0.3783,2.8931,0
3.3185,0.4897,1
0.5281,1.7914,0
2.9003,0.9706,1
2.9733,2.7740,1
2.8215,1.4341,1
3.1879,1.6118,1
0.4239,0.3793,2
3.1258,2.6107,1
0.8826,2.2407,0
1.4943,3.0477,0
2.2402,1.5365,1
3.2609,0.4378,1
1.1534,0.2458,2
3.3059,2.1533,1
1.4265,3.3181,0
3.0353,1.8237,1
1.0692,3.0014,0
2.8693,2.2449,1
1.8574,1.0188,2
1.3409,0.1404,2
3.0212,1.0796,1
2.7436,1.1169,1
0.8255,1.6707,0
3.3032,3.1124,1
1.5660,0.7182,2
0.1519,3.1178,0
2.2487,1.9400,1
3.2815,1.7867,1
3.0264,3.2955,1
0.2480,2.5811,0
0.8748,2.2591,0
2.3141,1.4767,1
2.4867,0.7807,1
2.9975,1.9539,1
2.3126,2.0764,1
0.6109,0.8332,2
1.1501,3.0201,0
0.7794,2.3750,0
0.4177,2.9471,0
0.8724,1.8263,0
2.3271,2.0444,1
1.6159,0.1488,2
2.7272,2.5082,1
3.3349,0.6304,1
0.2951,2.8461,0
0.5151,2.9347,0
2.8823,0.9188,1
2.4823,1.6311,1
0.0748,2.6168,0
0.4399,0.4154,2
2.1506,2.0343,1
1.4793,1.0520,2
0.4438,2.0333,0
0.4483,3.0472,0
3.1516,0.4402,1
0.2729,2.0439,0
0.5221,3.0719,0
1.8114,0.5529,2
3.1378,2.7321,1
3.0868,2.0846,1
1.6010,2.9511,0
2.8913,2.6227,1
1.4776,0.8014,2
0.9887,0.6014,2
1.0559,1.9341,0
0.8660,0.9645,2
1.4489,2.7232,0
2.2790,1.7769,1
2.6320,2.5637,1
0.6614,3.0277,0
2.5130,2.8904,1
1.2305,2.5414,0
1.2422,2.8707,0
2.7572,1.0492,1
3.4846,0.8158,1
1.1132,0.2485,2
1.5187,3.2450,0
0.8032,0.6902,2
2.0991,1.6934,1
1.4999,2.9420,0
2.4125,2.4294,1
3.3134,0.7986,1
0.5297,0.7006,2
1.6129,3.1166,0
0.8554,0.8341,2
0.3892,0.8315,2
1.5794,1.0937,2
0.0999,2.3002,0
0.5552,3.4536,0
1.3209,0.5847,2
0.7508,2.7679,0
3.4238,1.1438,1
1.7884,0.8721,2
0.7503,1.6806,0
0.0459,2.2035,0
0.3652,2.8501,0
1.4762,3.0425,0
1.3420,0.2739,2
0.6634,2.6216,0
1.1304,3.2595,0
0.3160,1.9683,0
1.8472,1.0423,2
0.3244,0.6144,2
1.1232,1.7294,0
2.1763,2.5250,1
3.4744,3.0430,1
1.9380,1.0373,1
3.4499,0.4793,1
1.7561,1.0567,2
2.8133,2.7106,1
2.4716,0.9607,1
0.8704,1.5712,0
0.2247,2.7810,0
1.3851,0.8600,2
3.0172,3.0657,1
0.4973,2.0771,0
0.0378,0.0534,2
1.2616,3.3484,0
1.5006,0.7511,2
2.2222,1.7149,1
2.9535,1.0040,1
1.9133,1.7079,1
3.2284,0.5702,1
2.1144,1.9072,1
1.6143,2.1658,0
0.7003,0.3826,2
0.9367,0.7068,2
1.5734,2.7826,0
0.0682,0.5115,2
0.4423,3.0490,0
2.2196,2.2693,1
1.9594,1.9515,1
0.9435,0.1355,2
1.0543,2.0661,0
0.3474,2.7806,0
3.0329,0.7677,1
2.0999,1.9467,1
3.0939,3.2561,1
2.9794,0.6993,1
0.5090,3.0029,0
1.5502,2.0883,0
3.4562,0.3669,1
0.0838,2.1472,0
2.5184,1.4169,1
2.6029,2.5250,1
3.1426,2.4503,1
2.4617,1.2696,1
0.7246,0.4446,2
1.6153,2.1412,0
2.6419,3.1402,1
0.3536,2.5088,0
2.4861,2.7495,1
1.1821,0.0039,2
3.2278,1.4622,1
3.4205,2.7724,1
1.9836,1.4088,1
3.2516,1.6090,1
1.6498,0.7457,2
0.8744,2.3682,0
0.0834,0.1615,2
1.4476,0.4586,2
0.5388,2.5454,0
0.3910,2.7972,0
0.6824,0.5418,2
0.7264,2.7429,0
3.2427,0.7832,1
0.5858,2.8757,0
0.4068,2.6415,0
2.6308,1.4155,1
0.3906,1.8346,0
1.3951,1.9096,0
2.8209,1.6180,1
1.4814,0.6069,2
0.2846,3.0474,0
2.9625,0.7063,1
0.6078,2.0204,0
2.5584,0.7492,1
0.2090,1.9516,0
3.2651,0.8093,1
2.7728,1.1264,1
3.0506,3.2251,1
2.1183,2.5471,1
1.0145,1.9374,0
0.6938,0.7355,2
3.1525,2.6872,1
3.1938,2.1270,1
1.2333,2.7081,0
2.9265,0.8619,1
1.9595,1.7620,1
0.5435,3.1786,0
0.3611,0.7324,2
1.5505,1.2146,2
1.8352,1.9339,1
2.0909,2.3527,1
0.7370,0.9026,2
2.3517,2.3573,1
2.8870,0.8410,1
0.7671,0.1181,2
3.1922,0.9249,1
3.1540,2.1722,1
2.6414,2.7657,1
0.6774,0.7486,2
0.2719,3.4259,0
2.7975,1.6631,1
1.2527,1.9154,0
2.9530,2.0177,1
2.9814,0.9279,1
0.4865,3.0161,0
2.5578,1.7191,1
1.0575,1.7062,0
3.4889,2.9955,1
1.2841,1.8615,0
0.6587,0.6079,2
0.6698,3.3619,0
1.5202,0.5171,2
2.6047,1.9801,1
0.7770,1.9721,0
0.4854,3.1390,0
3.3892,1.8266,1
2.7373,2.6866,1
2.8043,1.0123,1
0.7110,2.7578,0
0.5773,3.4328,0
1.2491,0.1417,2
1.7270,0.5632,2
0.4093,0.8271,2
1.0151,0.8325,2
1.1823,0.5546,2
2.9785,2.3179,1
2.5974,2.3483,1
3.0167,0.5569,1
1.0903,2.3342,0
1.2079,0.4869,2
1.1430,2.9116,0
3.4130,3.1984,1
0.8559,1.8254,0
0.3141,2.9440,0
0.5488,0.9896,2
0.4847,0.3574,2
3.2772,1.1175,1
1.0110,2.6228,0
2.7060,0.7369,1
1.3031,0.1256,2
1.0494,1.4351,2
3.3465,0.7917,1
0.2875,2.1315,0
2.1488,1.6201,1
0.6319,0.7161,2
0.5509,2.4591,0
3.4784,3.1102,1
0.2606,0.4058,2
0.6222,1.1128,2
0.0478,0.1234,2
0.3664,3.0338,0
0.3883,3.0192,0
2.7994,0.8476,1
0.6343,0.3642,2
0.3450,0.0719,2
0.3178,2.3511,0
2.1843,2.3688,1
1.3255,2.9145,0
1.5930,1.0070,2
3.0326,1.8459,1
2.3915,1.2636,1
0.9054,2.1642,0
3.0762,1.5124,1
2.4825,1.2498,1
3.1725,2.8715,1
0.7701,1.8331,0
1.2101,1.8583,0
3.4270,1.2072,1
0.7627,0.8570,2
1.1921,2.1790,0
1.0970,0.5917,2
3.0037,2.5169,1
0.6034,3.2327,0
2.0903,1.7043,1
0.7002,3.2739,0
2.9631,0.6336,1
2.8156,2.9851,1
0.5975,0.8336,2
3.3869,2.4052,1
2.5072,1.7468,1
1.8810,0.2858,2
0.9637,1.3048,2
0.3449,2.9042,0
1.6381,0.7300,2
3.3328,0.7160,1
0.9226,1.8331,0
3.3404,0.6732,1
2.5017,1.8267,1
0.5454,1.9137,0
0.4747,3.1762,0
3.1806,3.4883,1
1.0296,1.7166,0
1.7819,2.1956,1
2.8271,2.3746,1
1.9349,0.0676,2
3.2308,2.5951,1
1.0740,3.1949,0
3.0751,1.8537,1
0.5833,3.1518,0
0.6653,0.3723,2
0.9277,0.8238,2
2.0359,1.1455,1
3.4154,2.5635,1
3.3737,1.6313,1
0.4363,1.9716,0
0.7216,3.1222,0
2.1778,2.3774,1
1.5488,0.2106,2
1.0052,2.1679,0
0.1987,0.0239,2
3.4950,0.4116,1
0.8431,2.9154,0
1.9900,2.3744,1
2.7406,1.9163,1
0.1462,2.2187,0
1.6899,2.4200,0
1.5468,0.5336,2
0.4132,0.1918,2
2.5902,2.5543,1
0.0153,2.7981,0
2.6503,3.1179,1
1.3833,0.3589,2
0.6771,0.3711,2
3.0616,1.5381,1
0.9076,1.5957,0
0.6735,0.5600,2
2.9905,2.4155,1
0.4130,2.0827,0
0.0807,2.7747,0
1.4481,1.2041,2
2.8221,2.8866,1
0.6425,2.2867,0
2.8614,1.3464,1
2.6772,1.6281,1
1.4415,3.4341,0
1.1264,0.5401,2
3.2685,1.5343,1
2.0468,1.3616,1
1.2084,2.6835,0
0.0851,3.4423,0
1.2275,2.3107,0
1.6479,0.8220,2
0.8656,0.8973,2
0.3134,0.0248,2
0.8127,3.2483,0
1.5238,2.9762,0
2.5126,1.2404,1
3.4517,3.4762,1
3.3217,1.9897,1
1.6162,2.6273,0
2.3943,1.4164,1
2.5665,1.4454,1
3.3812,3.1976,1
2.0897,1.9475,1
3.4466,1.5941,1
0.8933,2.6300,0
2.9542,2.6336,1
3.4657,0.7117,1
0.9542,2.3488,0
2.8470,1.4308,1
1.3132,3.4420,0
0.2123,0.2716,2
3.1307,1.2694,1
1.5470,2.6875,0
3.3226,1.4177,1
1.0129,0.8911,2
0.9845,1.6692,0
1.6570,2.1908,0
1.1630,2.3828,0
1.0401,1.5644,0
1.0617,3.2559,0
0.8723,2.1417,0
1.6981,2.6540,0
0.3009,0.6477,2
2.9623,1.4891,1
3.2844,0.9540,1
0.3839,2.9765,0
1.3728,1.9223,0
0.7655,0.7048,2
0.5699,2.7662,0
3.4876,1.8435,1
1.8430,2.2470,1
3.4317,2.6892,1
2.9980,1.7748,1
0.7145,1.9038,0
0.5831,1.8878,0
1.9088,1.7383,1
1.1031,0.1149,2
1.2516,2.0339,0
1.1634,2.3669,0
1.6650,2.9094,0
3.1582,0.9822,1
2.2013,2.3025,1
2.1976,0.9212,1
0.1032,0.5831,2
3.3971,1.8026,1
1.1336,3.1640,0
3.2870,2.2499,1
0.5533,3.1843,0
0.9688,2.0942,0
3.4548,0.6064,1
1.5894,3.4182,0
1.2630,3.2878,0
2.9923,2.2365,1
3.1520,0.7494,1
0.0789,0.0601,2
1.3091,1.2680,2
1.2664,1.2885,2
1.6664,0.3701,2
3.4220,1.1321,1
2.7492,1.3161,1
0.6385,0.6097,2
2.0362,2.4176,1
3.4907,1.1460,1
1.3971,3.0078,0
0.3647,0.5251,2
0.2515,2.6138,0
3.3556,2.7827,1
3.0439,3.4580,1
1.3440,2.4581,0
0.3327,2.8286,0
3.3726,2.7272,1
0.6725,2.1978,0
2.9570,1.0397,1
0.8682,0.3162,2
3.1019,3.0834,1
0.8605,0.3591,2
3.4845,1.9777,1
2.8889,3.3175,1
1.3045,3.4602,0
0.6716,1.8843,0
3.2757,0.6439,1
3.3913,0.3731,1
2.6635,0.9722,1
2.5043,1.6757,1
0.4996,2.5265,0
1.4708,1.0035,2
3.0609,1.4310,1
3.4713,1.4305,1
1.9128,0.2488,2
0.0812,3.3705,0
3.4023,2.2129,1
2.9447,1.8652,1
2.4462,1.4792,1
3.4382,0.6223,1
1.1231,2.0214,0
3.1265,0.7706,1
1.8419,1.7554,1
0.9578,2.6652,0
3.1707,1.9073,1
3.1065,0.7773,1
0.6492,1.0877,2
2.9556,2.9454,1
3.1526,3.3411,1
1.6916,0.0355,2
2.2416,1.2195,1
2.5319,1.8698,1
0.7872,1.8444,0
1.9722,0.1492,2
2.6601,1.0797,1
0.2402,2.4364,0
0.0012,0.4788,2
0.6484,0.1528,2
1.7576,0.3296,2
0.5728,1.9286,0
2.6863,2.1707,1
0.5439,2.0829,0
0.3326,2.4969,0
1.9848,2.2989,1
0.5460,2.9697,0
0.9947,2.9535,0
3.4170,0.3647,1
1.4616,3.0857,0
2.7937,1.7615,1
2.6463,2.2488,1
2.3772,1.9604,1
2.5410,2.4406,1
2.0335,1.9779,1
2.0516,1.5014,1
0.7661,3.0416,0
2.9726,3.0109,1
3.4195,2.9924,1
3.2023,2.6409,1
0.4773,3.2594,0
0.6221,1.0254,2
0.5019,3.1116,0
2.9983,1.1197,1
3.2022,2.4999,1
2.8073,1.9885,1
0.3971,2.7754,0
1.8717,1.8673,1
2.7531,0.6842,1
0.4783,3.3381,0
0.4528,2.5612,0
0.4639,2.8245,0
3.3110,2.3014,1
2.2784,1.7083,1
1.4645,2.7789,0
3.4565,3.1775,1
2.6664,2.5420,1
0.8784,2.6963,0
3.1079,1.4777,1
3.3076,1.5258,1
2.7927,0.8507,1
0.4426,3.3435,0
2.9383,3.0590,1
0.3398,2.0608,0
3.1995,3.3714,1
3.4698,0.2995,1
0.5789,0.5139,2
2.4372,1.0250,1
2.9129,3.1984,1
0.5486,3.1774,0
3.4308,2.8895,1
1.0105,3.0347,0
3.2112,1.6043,1
1.1547,2.7656,0
1.2156,2.5292,0
0.5275,2.0068,0
2.6184,1.4647,1
1.9516,1.4729,1
0.3030,0.0193,2
0.7812,2.6212,0
0.4182,0.5194,2
0.4460,3.3757,0
1.6043,2.7488,0
1.1945,2.4420,0
1.3729,0.5692,2
1.4470,0.7069,2
2.2043,2.2642,1
0.0185,3.0699,0
0.5439,0.1677,2
3.1993,1.5615,1
3.4723,1.1011,1
0.0754,2.4694,0
1.5027,2.1490,0
0.8763,3.2437,0
3.4698,3.2059,1
1.3582,3.4371,0
0.7921,2.7012,0
1.5704,3.4270,0
2.1516,2.0546,1
2.9974,1.2728,1
2.2093,1.3704,1
3.3250,2.7836,1
1.5553,0.2891,2
1.5992,2.9181,0
3.1150,3.2786,1
3.1862,0.4726,1
1.6525,0.8364,2
0.9144,3.2430,0
3.3069,2.5491,1
3.2901,0.7849,1
1.5671,0.9607,2
2.5560,1.5242,1
1.5306,2.6857,0
1.4327,3.3107,0
2.4463,1.0070,1
1.2131,0.8678,2
2.3258,2.6155,1
1.2969,1.0044,2
3.0344,2.1683,1
1.5533,3.3861,0
0.4392,1.8849,0
2.5102,2.2584,1
2.9833,2.9698,1
3.0153,0.5516,1
2.7284,2.0205,1
3.3465,1.2131,1
1.9229,2.2097,1
0.3609,3.1176,0
2.1248,1.2201,1
0.0254,2.2205,0
2.6968,3.1509,1
2.9411,3.3081,1
2.0857,2.2155,1
2.0538,1.6052,1
0.0643,0.5336,2
2.4082,1.0572,1
2.6305,2.7393,1
0.8295,2.0052,0
3.2197,1.1771,1
2.0647,1.8505,1
2.7782,2.1916,1
3.2986,2.6576,1
2.9558,2.2986,1
2.9461,0.9698,1
0.1175,2.5263,0
1.8562,0.6688,2
3.1431,2.2356,1
3.3793,1.2101,1
0.6109,2.7267,0
1.2683,0.4973,2
2.4273,1.6014,1
0.9828,2.3829,0
3.4919,3.3947,1
3.0494,2.4786,1
1.9085,1.5518,1
0.6888,3.0357,0
0.8431,3.3669,0
1.6437,0.4206,2
0.0701,2.2968,0
2.9493,1.8078,1
1.7207,0.4816,2
2.8356,0.9801,1
2.5311,2.7059,1
0.1684,3.1808,0
0.6711,1.7234,0
0.5331,0.7378,2
1.3047,2.6196,0
2.3306,2.2773,1
1.4840,2.4062,0
0.7424,3.0733,0
2.4859,1.6963,1
0.7160,2.8211,0
0.8229,2.5841,0
2.0203,2.0774,1
0.7718,2.2608,0
0.0606,3.1600,0
1.1605,0.9977,2
0.6772,1.7338,0
0.2722,2.0091,0
1.0448,0.7112,2
0.0551,2.0464,0
0.8897,0.6548,2
0.5695,2.8340,0
2.1014,1.1936,1
1.1764,0.0078,2
2.5228,2.5087,1
1.1301,1.8925,0
0.3255,2.2579,0
1.4034,3.0840,0
1.1201,3.3396,0
1.9300,0.0662,2
0.3151,2.7066,0
1.0847,0.0663,2
0.8695,0.7682,2
2.4439,0.8760,1
2.0305,1.1186,1
1.0125,1.6195,0
3.0898,0.6345,1
0.4450,2.4098,0
0.7357,0.5767,2
1.8639,0.8631,2
1.3655,2.5959,0
1.0966,2.8789,0
3.4149,3.3791,1
0.2034,0.6846,2
2.4160,1.5366,1
2.9077,3.3713,1
0.1820,2.9795,0
0.9800,2.6434,0
0.8042,1.7485,0
0.6734,3.1943,0
1.5486,0.5646,2
1.6119,0.2605,2
0.9765,2.5272,0
0.4398,1.8343,0
2.9937,2.9157,1
1.0093,1.9735,0
2.8406,2.5331,1
0.1413,2.9065,0
2.9434,1.7274,1
0.2995,0.3426,2
1.5020,2.1785,0
1.7398,2.5588,0
2.9901,0.6243,1
1.5163,0.6886,2
0.6149,2.5078,0
0.9077,2.2930,0
0.9365,1.2258,2
1.0329,2.4775,0
3.2367,2.1545,1
1.4030,0.8385,2
2.9547,0.6789,1
2.0833,1.5356,1
0.9876,2.9621,0
0.0973,2.8469,0
1.1451,2.0994,0
1.4411,2.6897,0
2.6280,3.1270,1
3.2484,2.7490,1
3.2425,3.4541,1
2.9561,3.4141,1
0.9479,1.1836,2
0.8327,0.8070,2
0.5615,3.2496,0
1.2393,0.6936,2
0.5516,0.7746,2
2.6517,1.3575,1
3.2825,1.3661,1
0.7397,1.1697,2
0.3010,3.1444,0
3.2534,2.7981,1
1.0106,0.2986,2
0.2046,2.6629,0
0.1160,2.6576,0
0.0646,2.0934,0
2.9660,2.2069,1
0.1132,3.0778,0
0.2159,2.9465,0
1.4368,3.1102,0
2.2496,1.8905,1
2.8903,2.3561,1
3.1932,2.2040,1
2.1719,2.5328,1
2.9842,1.0019,1
2.0654,1.6147,1
2.5667,1.0765,1
0.4003,2.3406,0
3.4948,2.0603,1
1.3799,0.6332,2
1.2778,2.4250,0
0.7905,3.1066,0
0.0313,3.3103,0
3.3230,0.9708,1
0.2783,0.4784,2
3.1180,1.8036,1
0.2245,2.8648,0
0.5113,0.7384,2
0.1677,3.1297,0
2.3485,2.7627,1
0.0827,0.5099,2
0.3506,3.0603,0
3.2210,2.1404,1
1.2134,2.7849,0
2.3148,1.3398,1
0.8750,2.8256,0
0.0885,2.4475,0
2.1323,1.1115,1
0.5451,0.1649,2
0.6021,2.5495,0
2.9402,0.5986,1
1.0217,0.2633,2
0.2742,2.0942,0
1.3342,2.1435,0
2.5452,0.7800,1
0.6100,1.9290,0
3.4382,3.1221,1
0.8735,1.3129,2
1.7019,0.8373,2
2.0173,1.5060,1
1.0838,2.5764,0
0.0792,0.3784,2
1.3789,2.5016,0
3.1471,0.9352,1
0.6266,2.1419,0
2.5221,1.3286,1
1.3356,0.8800,2
2.7551,1.2529,1
0.2783,2.1599,0
1.6876,0.7892,2
3.4741,1.6125,1
1.2421,2.3224,0
2.9012,1.5520,1
2.8849,1.0629,1
1.2590,2.5069,0
1.4007,1.0119,2
2.5761,2.5384,1
0.5290,0.2916,2
0.5479,2.7726,0
1.9585,0.2248,2
3.2865,2.6464,1
1.8495,1.0199,2
0.2486,0.6545,2
1.3253,1.1917,2
1.0809,2.2995,0
2.3832,1.6154,1
2.0247,1.8764,1
3.1027,1.2045,1
0.8345,0.6965,2
2.4461,1.5417,1
1.5373,0.2984,2
0.9997,2.8235,0
2.6156,2.2062,1
2.6836,2.4187,1
1.2012,2.2412,0
1.4890,2.1505,0
2.4744,1.2049,1
2.9847,3.4707,1
0.5795,3.4560,0
0.3011,2.6313,0
1.0395,0.9984,2
1.9027,0.5547,2
0.3607,2.6071,0
1.0001,0.0693,2
1.8067,0.1041,2
1.5368,2.0959,0
0.6030,2.3247,0
2.7835,0.6915,1
2.3853,2.0861,1
1.0956,1.5988,0
2.9558,1.3989,1
2.9924,2.3171,1
1.0694,0.5371,2
1.1618,2.5521,0
3.4712,2.6595,1
1.8623,2.2797,1
2.0914,2.1294,1
0.7917,1.2184,2
0.6579,3.0533,0
3.2518,0.5683,1
1.9913,1.0086,1
1.5660,0.8958,2
2.3487,1.2382,1
1.0159,1.3726,2
3.1804,1.5234,1
2.2078,1.6208,1
3.3647,2.4677,1
2.6589,2.8032,1
1.2421,0.5363,2
1.5383,0.3043,2
0.4899,3.4672,0
0.7713,2.5137,0
1.3280,0.5980,2
2.8832,1.0271,1
1.7019,2.9759,0
3.0820,2.6106,1
3.2687,1.3738,1
2.3809,2.6806,1
2.6251,2.7431,1
2.8004,1.5068,1
2.6774,2.1216,1
3.0633,1.4744,1
1.5699,0.8977,2
0.4189,3.4615,0
2.8036,2.4860,1
3.1791,3.3666,1
1.4996,2.2677,0
1.0643,2.4791,0
2.9325,2.2141,1
0.0944,2.1680,0
1.6067,0.4135,2
3.1435,2.4154,1
3.0677,2.4629,1
2.9946,1.9884,1
1.1426,2.1723,0
0.8681,2.7992,0
3.2376,2.4271,1
2.4891,2.5191,1
0.8266,2.4782,0
3.0433,2.1498,1
3.3462,1.9775,1
0.6771,0.0287,2
1.0038,3.0097,0
0.4938,1.9345,0
2.5382,1.4314,1
2.8158,2.7602,1
3.0146,2.5416,1
2.2425,1.7287,1
3.3377,0.6031,1
0.8384,1.2806,2
3.1040,2.6455,1
3.1432,2.0752,1
1.6202,0.4967,2
0.1627,0.0005,2
3.0166,2.6440,1
1.1325,1.6936,0
1.4837,3.4966,0
1.3663,2.5883,0
0.2866,0.1886,2
1.0929,0.7046,2
0.5546,2.7996,0
0.8688,0.3613,2
2.5038,2.2483,1
2.9012,2.8720,1
2.9959,1.9120,1
3.3603,3.1441,1
1.9148,0.5558,2
3.0027,2.2277,1
0.6978,2.7124,0
0.8890,3.0891,0
3.4696,0.6716,1
2.1050,2.4001,1
3.1473,1.2164,1
3.2353,2.1308,1
1.2169,2.6597,0
3.2513,0.4759,1
1.2333,0.9916,2
0.3344,2.2420,0
3.3871,1.7637,1
0.2355,0.6724,2
0.6004,0.8151,2
2.9508,1.3718,1
2.5508,1.7070,1
0.7245,2.3412,0
3.4876,0.6449,1
1.9767,1.4970,1
1.5086,3.1274,0
3.4541,2.2723,1
3.1451,1.6316,1
2.3074,2.5383,1
3.0155,0.7666,1
1.4110,0.1675,2
1.0134,0.8298,2
2.3680,2.7258,1
2.4997,1.6605,1
1.4269,2.7229,0
0.7025,2.0823,0
0.8377,2.3721,0
0.9227,1.4036,2
2.9037,1.4881,1
1.9323,1.7264,1
0.4126,0.0070,2
1.3506,0.3195,2
1.5029,2.2051,0
2.8739,2.7893,1
1.5263,3.4544,0
1.5929,3.0217,0
3.2054,1.1336,1
1.1647,0.1744,2
2.2895,2.2336,1
1.3736,0.3301,2
2.6438,0.8477,1
0.9362,3.3361,0
0.7437,2.4010,0
1.9059,0.2900,2
1.0115,0.8488,2
1.5802,3.3031,0
0.0687,0.4775,2
1.1265,0.4547,2
1.0416,2.0081,0
1.8633,1.8910,1
3.2695,2.8491,1
3.2900,3.3655,1
0.7754,0.7356,2
2.9490,3.4285,1
0.3981,3.4797,0
1.0316,2.2499,0
2.3315,1.3184,1
1.8668,0.4498,2
1.5967,0.1969,2
1.3872,3.2934,0
1.5037,1.1641,2
1.1535,0.9573,2
3.3792,1.3519,1
2.9166,1.7407,1
0.9597,2.0949,0
0.9811,1.9447,0
1.2775,2.4631,0
3.4516,2.5508,1
1.6787,0.6767,2
1.6703,2.2563,0
0.2000,0.6114,2
2.9539,0.6180,1
0.8335,0.2116,2
0.9706,2.6497,0
1.7165,0.9798,2
2.4723,0.8546,1
2.4138,1.1130,1
0.9453,1.6973,0
3.4600,3.0065,1
3.0398,2.4101,1
2.6610,1.9876,1
2.9689,3.0685,1
2.9718,0.5431,1
3.0665,1.6944,1
2.1505,1.5362,1
1.0731,0.9488,2
0.7649,2.4800,0
0.9509,2.7200,0
1.3298,0.7450,2
1.2213,2.4182,0
0.7431,0.1194,2
0.3524,3.0830,0
2.7484,3.0611,1
0.4273,1.8628,0
0.0768,2.1460,0
1.0108,1.9681,0
1.9275,1.1316,1
0.4456,1.9569,0
1.2828,0.7757,2
0.3625,3.2113,0
1.4527,0.9531,2
0.6217,2.0786,0
2.8440,0.6430,1
2.9231,3.0372,1
2.7267,0.8134,1
1.3653,2.2763,0
2.4518,1.7032,1
2.5880,1.0642,1
1.5387,3.3193,0
1.5539,0.8531,2
2.6166,1.8080,1
2.3717,2.4364,1
3.2864,2.8901,1
2.7965,2.9916,1
0.0183,2.5750,0
2.5640,2.2885,1
2.4938,2.8556,1
2.8268,2.6712,1
2.3486,1.1302,1
1.8762,0.2563,2
1.5380,0.8283,2
0.1022,3.1029,0
1.4688,2.6895,0
2.6308,1.7454,1
3.4609,0.6089,1
3.1540,1.1496,1
0.7640,1.2252,2
2.6498,1.1701,1
1.2514,2.4212,0
0.6296,3.3925,0
2.8299,3.0872,1
0.4432,3.3552,0
1.1440,3.2688,0
2.7982,1.6342,1
3.4524,0.3952,1
3.2582,2.6203,1
2.2603,1.1396,1
3.0298,3.3441,1
0.0284,2.6503,0
0.7421,3.0390,0
1.1962,3.1016,0
0.2387,0.2320,2
0.9273,1.9330,0
0.6534,1.9072,0
2.0056,1.5835,1
2.1496,2.0317,1
2.8449,3.1260,1
3.0360,0.7693,1
3.0315,0.5892,1
0.8621,3.4441,0
1.5258,0.8979,2
2.7359,3.2334,1
2.4724,0.8939,1
2.8224,0.9594,1
3.3948,0.3115,1
1.9341,1.7141,1
1.3113,2.3878,0
1.0829,0.7179,2
2.2764,0.8962,1
3.4716,3.1433,1
2.6158,2.5501,1
2.6266,3.0968,1
1.3819,2.7975,0
1.7944,0.9657,2
2.9855,0.9058,1
0.6020,3.3385,0
2.3987,2.2987,1
1.0837,3.2877,0
0.6828,1.9164,0
3.4453,1.4870,1
1.3993,2.8254,0
3.3506,0.6317,1
1.5070,0.9090,2
2.7619,2.3341,1
1.5624,2.7518,0
1.0232,2.9378,0
2.4360,2.4424,1
0.9895,2.9380,0
2.9129,2.1693,1
2.3865,2.7318,1
2.5853,1.6990,1
3.4351,1.9668,1
0.6226,0.9905,2
0.0574,3.1432,0
2.1887,2.2878,1
2.9146,0.8266,1
2.4412,2.3747,1
2.8518,0.9372,1
3.4102,1.0830,1
1.7757,0.8244,2
0.9733,1.9977,0
2.0858,1.2090,1
3.0308,0.5526,1
1.3957,0.2039,2
2.0328,2.3198,1
2.5245,2.2092,1
0.7061,0.5238,2
3.1070,2.8920,1
1.3007,2.2630,0
0.5883,0.1426,2
1.8776,1.8086,1
1.2500,2.3504,0
0.6893,3.3122,0
3.3896,0.3615,1
2.5681,2.4742,1
1.2385,3.2684,0
0.8052,2.5643,0
0.7942,1.7422,0
1.1922,2.3125,0
0.1271,2.9574,0
2.5145,1.5785,1
1.5147,0.1784,2
1.6389,2.6093,0
0.0428,0.0814,2
2.7454,1.7186,1
0.9535,1.8927,0
1.1225,1.6872,0
0.5918,0.8511,2
1.4114,3.1304,0
1.0829,1.9868,0
0.9224,1.8762,0
2.9699,2.6251,1
1.4166,2.9621,0
1.3179,3.2062,0
0.4889,0.1502,2
2.7463,2.9409,1
3.1678,0.8625,1
0.6548,3.3663,0
3.2425,2.0681,1
0.7299,2.3570,0
1.5626,0.2079,2
2.5294,1.3305,1
0.6082,2.7975,0
1.4902,0.2775,2
2.8513,2.9649,1
0.3015,2.3968,0
2.5406,1.7384,1
2.9945,2.3329,1
0.9840,2.4345,0
1.7853,0.1180,2
0.9223,0.7566,2
0.7695,0.8030,2
2.4844,1.2242,1
3.3635,1.9098,1
3.4447,1.9204,1
3.2306,1.6794,1
0.4341,3.1470,0
2.5731,3.0453,1
2.8338,1.8807,1
0.9821,3.4312,0
1.3542,1.2622,2
3.2038,3.0288,1
3.1960,2.2127,1
3.1857,2.5560,1
0.9349,3.2977,0
1.0138,2.5118,0
2.7370,2.3822,1
1.3268,2.7441,0
2.5441,2.3285,1
1.3864,1.2328,2
1.9534,1.9233,1
2.7135,2.5595,1
3.2587,0.6589,1
1.0157,2.8956,0
2.4991,1.7250,1
3.4538,3.4826,1
0.4727,2.8657,0
2.8971,1.6021,1
2.0549,2.2982,1
1.2141,2.0111,0
1.0953,0.7925,2
1.0588,1.1886,2
1.4631,0.3217,2
1.0569,1.8576,0
0.5809,1.7140,0
3.0272,0.9347,1
2.1295,1.4708,1
2.6595,1.2336,1
0.8851,2.7794,0
0.1539,0.2755,2
0.8625,2.4176,0
2.1137,1.7605,1
3.2661,1.9607,1
2.5407,1.2882,1
0.7788,0.1552,2
3.0291,2.5475,1
2.7800,1.8172,1
2.8064,2.9467,1
2.0202,1.3407,1
0.4537,2.3356,0
1.4122,3.2413,0
2.4168,2.4556,1
1.7675,2.3242,0
0.9700,0.6730,2
0.4426,2.0487,0
2.8007,0.8439,1
0.3490,3.3912,0
1.1693,1.8796,0
0.4708,0.2449,2
1.0262,2.5695,0
1.3644,3.0869,0
2.5633,1.4633,1
0.7566,3.2015,0
0.8799,1.0433,2
0.6567,0.4322,2
1.6365,2.9782,0
1.3377,0.0021,2
2.5065,1.3331,1
0.5277,0.3025,2
3.0088,0.7916,1
1.6035,0.4996,2
0.5315,2.7155,0
3.2179,2.4135,1
0.9995,3.2705,0
0.3535,0.7978,2
2.5559,1.3275,1
2.3622,0.8258,1
0.7974,1.7206,0
1.5171,1.1841,2
1.4244,3.3022,0
0.8775,1.7701,0
0.6268,2.9563,0
0.1143,3.3580,0
1.7680,0.9004,2
0.1174,0.1672,2
0.5729,2.8269,0
1.1979,2.2475,0
2.8263,2.4372,1
2.6974,2.4274,1
1.8691,0.4600,2
2.8218,2.4343,1
0.6940,1.6987,0
0.8997,1.9910,0
0.2523,3.0872,0
1.3692,3.3934,0
2.1586,1.7157,1
2.3594,1.7379,1
0.5804,0.2402,2
1.2224,2.4870,0
1.4562,2.8881,0
1.0763,2.3721,0
0.3211,3.4817,0
2.9592,1.4070,1
0.8960,1.6344,0
3.4862,1.5308,1
3.3556,1.4996,1
3.2317,2.3962,1
0.7254,2.4655,0
2.4097,2.0925,1
0.1116,3.0226,0
0.2453,2.3884,0
2.4829,1.6967,1
0.8499,1.7864,0
1.2899,0.4891,2
0.3067,2.2063,0
3.0785,3.3604,1
0.6902,0.1278,2
1.2094,2.1914,0
0.5944,2.4076,0
0.6296,3.0788,0
1.4587,2.9428,0
1.0014,0.8176,2
2.6482,2.5506,1
0.2222,0.3874,2
3.0926,0.9251,1
1.4014,0.8925,2
3.4597,0.4624,1
0.0181,2.3834,0
3.4759,2.6201,1
0.4922,1.9782,0
2.9409,2.0481,1
2.9722,3.1638,1
2.9823,1.1061,1
2.8682,2.7250,1
3.4908,2.8875,1
3.4403,2.0584,1
0.6100,0.9994,2
0.7750,1.8933,0
1.6633,0.4957,2
3.0917,1.1926,1
2.7806,2.6771,1
2.8829,2.8232,1
0.1447,2.1966,0
2.2614,1.1657,1
0.0462,2.3496,0
0.7746,0.9679,2
2.6699,1.3441,1
2.9324,1.0785,1
0.2534,0.6183,2
2.4417,1.1189,1
1.1984,0.5115,2
0.8572,1.1785,2
0.9668,0.6428,2
0.5983,2.0505,0
2.5659,2.6722,1
1.0670,3.2310,0
3.0316,1.8280,1
3.2514,3.1575,1
0.5262,0.6873,2
0.4581,0.7999,2
1.8194,0.0216,2
0.5631,0.4293,2
0.5940,0.5001,2
3.1346,1.3143,1
0.2460,1.9050,0
0.3478,0.3782,2
0.6298,2.5286,0
0.6361,2.2655,0
0.9893,3.0142,0
3.0078,1.6968,1
0.7285,2.2414,0
0.2035,2.5220,0
0.2647,3.2459,0
0.8480,1.1679,2
1.0672,2.1152,0
1.8543,2.3532,1
1.4542,2.3147,0
1.0925,0.4497,2
3.2777,1.6557,1
2.7551,2.7427,1
2.9252,2.1656,1
0.2588,2.4556,0
2.9233,1.9443,1
3.3603,2.3921,1
0.0130,3.3806,0
1.0965,0.8246,2
0.9420,0.4674,2
0.0992,0.1895,2
3.3808,3.2371,1
1.6193,3.3558,0
0.1657,2.7085,0
3.2311,0.9830,1
2.3787,1.1845,1
1.1623,3.3060,0
0.8406,0.2144,2
1.8096,2.0465,1
1.4706,2.7990,0
0.5720,0.2213,2
1.8147,1.9668,1
2.3844,2.7471,1
0.2819,3.2429,0
0.1010,2.5749,0
3.4578,2.5091,1
0.4296,2.0760,0
0.4651,0.4775,2
2.2887,1.2010,1
0.9062,1.1098,2
0.7198,0.4709,2
3.4837,2.1037,1
0.6663,3.0672,0
3.3742,1.6067,1
0.0427,2.1716,0
2.5131,1.3083,1
3.1530,0.5393,1
2.3406,0.8480,1
0.1102,0.0465,2
0.3510,0.6145,2
2.2345,1.9954,1
1.0495,2.7672,0
0.9723,0.8320,2
1.1412,0.9934,2
0.3793,2.4477,0
0.5743,0.7381,2
1.4574,2.6591,0
1.6865,0.6107,2
1.1026,1.9616,0
2.2326,2.7225,1
0.8015,3.4051,0
2.0552,1.7910,1
0.5455,2.1195,0
3.0279,1.5725,1
0.2238,3.0640,0
1.0773,1.3007,2
3.2385,0.5198,1
0.1923,2.5166,0
3.4855,3.2213,1
2.3477,2.2707,1
2.9558,3.4194,1
2.6530,2.0423,1
3.4223,3.3460,1
0.5765,1.9984,0
1.4350,0.1313,2
0.2950,2.8392,0
1.8259,0.4764,2
1.3556,1.0872,2
1.0711,1.9759,0
0.8780,0.7142,2
1.4776,0.3694,2
1.6463,2.4044,0
2.7526,0.7499,1
2.8699,2.6782,1
3.0168,1.4652,1
1.8524,0.9482,2
1.9884,2.2814,1
0.7281,2.4861,0
1.0587,2.5919,0
0.8532,3.4920,0
1.0992,1.8528,0
3.4359,3.0334,1
1.6409,2.2990,0
2.5499,2.8688,1
0.8559,2.0831,0
0.5899,0.2995,2
0.1367,2.8883,0
3.4333,0.7246,1
0.6443,0.3324,2
1.8508,0.6053,2
1.2210,2.1363,0
0.4560,2.9265,0
1.6578,3.3642,0
2.5086,2.4332,1
3.2574,2.7505,1
2.5502,3.0162,1
2.2750,1.5895,1
2.1221,1.1245,1
3.4159,1.5957,1
1.1290,3.1920,0
1.5050,0.3393,2
2.6062,0.9192,1
1.7759,0.8125,2
3.1235,1.4573,1
3.2701,1.1809,1
0.4930,0.8395,2
3.0452,0.4887,1
0.7236,1.0075,2
2.6204,1.2996,1
2.2146,0.9773,1
1.9038,0.6646,2
2.6984,2.7408,1
2.9920,3.1948,1
0.3253,2.8167,0
0.4881,0.5814,2
3.1459,2.3221,1
0.3935,2.5524,0
1.8113,0.2752,2
1.6834,2.3230,0
1.1086,0.9700,2
1.4890,3.0997,0
1.2177,2.9326,0
0.5025,2.8300,0
2.7406,0.6307,1
0.7016,0.1225,2
1.3549,0.9152,2
1.1855,2.0902,0
0.5711,0.1619,2
0.0221,2.6171,0
1.0423,0.0801,2
1.0327,3.0459,0
1.1433,0.2608,2
2.1029,2.1016,1
3.1618,2.4163,1
0.1372,2.7125,0
1.1039,0.0100,2
0.8529,2.9919,0
0.4310,1.8093,0
3.3992,3.3683,1
1.3248,2.3495,0
2.6932,1.3000,1
1.9204,1.1379,1
1.0221,0.9684,2
3.2693,2.0508,1
3.1391,0.6071,1
0.3646,0.2191,2
2.4728,1.0668,1
0.5407,2.5169,0
2.1295,2.5936,1
3.4995,0.4345,1
0.3430,2.1597,0
3.2394,2.1914,1
0.4354,1.9062,0
3.0812,1.4803,1
1.2007,2.2535,0
1.5363,1.2104,2
3.1428,2.1813,1
0.6980,1.9557,0
2.6196,2.5336,1
0.4188,0.7375,2
2.7755,2.4199,1
1.0821,2.6074,0
1.2691,0.5859,2
2.8388,1.8065,1
1.2000,1.8304,0
1.0135,1.7841,0
1.1676,0.2274,2
3.2671,3.2852,1
1.4399,2.2182,0
0.4213,0.5954,2
0.9790,1.4669,2
2.3155,2.3307,1
2.3199,2.4787,1
0.1301,2.5726,0
2.4605,1.4984,1
3.1401,2.3682,1
0.1543,2.0927,0
1.3961,2.3988,0
0.7193,2.4684,0
0.7027,3.2175,0
2.2900,2.2938,1
2.0533,1.8472,1
0.1457,2.0951,0
0.6140,3.3416,0
0.2106,2.2648,0
2.3018,1.9600,1
0.8508,3.4901,0
2.0739,1.0132,1
3.3071,0.5231,1
2.9332,0.9389,1
1.8999,2.0399,1
0.6748,1.7823,0
1.7684,0.0986,2
1.4060,1.9461,0
0.7938,0.0656,2
